,note,step,duration,channel,velocity
0,65.0,60.0,60.0,1.0,0.0
1,64.0,120.0,60.0,1.0,0.0
2,65.0,120.0,120.0,1.0,0.0
3,67.0,120.0,120.0,1.0,0.0
4,68.0,60.0,15.0,1.0,0.0
5,67.0,120.0,60.0,1.0,0.0
6,68.0,120.0,120.0,1.0,0.0
7,70.0,60.0,120.0,1.0,0.0
8,72.0,60.0,60.0,1.0,0.0
9,70.0,60.0,60.0,1.0,0.0
10,68.0,60.0,60.0,1.0,0.0
11,70.0,120.0,60.0,1.0,0.0
12,72.0,120.0,120.0,1.0,0.0
13,73.0,120.0,120.0,1.0,0.0
14,64.0,120.0,120.0,1.0,0.0
15,60.0,240.0,120.0,1.0,0.0
16,65.0,60.0,120.0,1.0,0.0
17,67.0,60.0,60.0,1.0,0.0
18,68.0,60.0,60.0,1.0,0.0
19,65.0,60.0,60.0,1.0,0.0
20,67.0,60.0,60.0,1.0,0.0
21,68.0,60.0,60.0,1.0,0.0
22,70.0,60.0,60.0,1.0,0.0
23,67.0,60.0,60.0,1.0,0.0
24,68.0,120.0,60.0,1.0,0.0
25,70.0,120.0,120.0,1.0,0.0
26,68.0,120.0,120.0,1.0,0.0
27,67.0,120.0,120.0,1.0,0.0
28,72.0,180.0,120.0,1.0,0.0
29,65.0,0.0,240.0,1.0,0.0
30,60.0,60.0,60.0,0.0,0.0
31,59.0,120.0,60.0,0.0,0.0
32,63.0,120.0,120.0,1.0,0.0
33,60.0,0.0,120.0,0.0,0.0
34,62.0,120.0,120.0,1.0,0.0
35,62.0,0.0,120.0,0.0,0.0
36,63.0,60.0,120.0,0.0,0.0
37,60.0,0.0,120.0,1.0,0.0
38,68.0,0.0,120.0,1.0,0.0
39,63.0,60.0,60.0,0.0,0.0
40,62.0,120.0,60.0,0.0,0.0
41,67.0,0.0,120.0,1.0,0.0
42,63.0,120.0,120.0,0.0,0.0
43,65.0,0.0,120.0,1.0,0.0
44,65.0,60.0,120.0,0.0,0.0
45,63.0,0.0,60.0,1.0,0.0
46,67.0,60.0,60.0,0.0,0.0
47,62.0,0.0,60.0,1.0,0.0
48,65.0,60.0,60.0,0.0,0.0
49,60.0,60.0,60.0,1.0,0.0
50,63.0,0.0,60.0,0.0,0.0
51,65.0,120.0,60.0,0.0,0.0
52,62.0,0.0,60.0,1.0,0.0
53,63.0,120.0,120.0,1.0,0.0
54,67.0,0.0,120.0,0.0,0.0
55,68.0,60.0,120.0,0.0,0.0
56,65.0,0.0,120.0,1.0,0.0
57,67.0,60.0,60.0,1.0,0.0
58,59.0,60.0,120.0,0.0,0.0
59,65.0,0.0,60.0,1.0,0.0
60,55.0,120.0,120.0,0.0,0.0
61,63.0,60.0,60.0,1.0,0.0
62,65.0,0.0,60.0,1.0,0.0
63,67.0,120.0,120.0,1.0,0.0
64,60.0,60.0,120.0,0.0,0.0
65,68.0,60.0,240.0,1.0,0.0
66,62.0,60.0,60.0,0.0,0.0
67,63.0,0.0,60.0,0.0,0.0
68,60.0,0.0,60.0,0.0,0.0
69,67.0,60.0,60.0,1.0,0.0
70,62.0,60.0,60.0,0.0,0.0
71,65.0,0.0,60.0,1.0,0.0
72,63.0,60.0,60.0,0.0,0.0
73,67.0,60.0,120.0,1.0,0.0
74,65.0,0.0,60.0,0.0,0.0
75,62.0,60.0,60.0,0.0,0.0
76,72.0,0.0,240.0,1.0,0.0
77,63.0,120.0,60.0,0.0,0.0
78,65.0,60.0,120.0,0.0,0.0
79,70.0,60.0,60.0,1.0,0.0
80,63.0,120.0,120.0,0.0,0.0
81,69.0,0.0,60.0,1.0,0.0
82,70.0,60.0,360.0,1.0,0.0
83,62.0,120.0,120.0,0.0,0.0
84,67.0,120.0,120.0,0.0,0.0
85,60.0,0.0,120.0,0.0,0.0
86,62.0,0.0,60.0,0.0,0.0
87,68.0,60.0,60.0,1.0,0.0
88,64.0,0.0,60.0,0.0,0.0
89,67.0,60.0,60.0,1.0,0.0
90,65.0,60.0,60.0,0.0,0.0
91,68.0,60.0,300.0,1.0,0.0
92,67.0,60.0,60.0,0.0,0.0
93,68.0,60.0,60.0,0.0,0.0
94,70.0,60.0,60.0,0.0,0.0
95,72.0,0.0,120.0,0.0,0.0
96,77.0,60.0,60.0,1.0,0.0
97,65.0,60.0,120.0,0.0,0.0
98,75.0,60.0,60.0,1.0,0.0
99,73.0,0.0,60.0,1.0,0.0
100,72.0,60.0,60.0,1.0,0.0
101,64.0,60.0,240.0,0.0,0.0
102,70.0,60.0,60.0,1.0,0.0
103,68.0,60.0,60.0,1.0,0.0
104,67.0,0.0,60.0,1.0,0.0
105,68.0,60.0,60.0,1.0,0.0
106,67.0,0.0,60.0,1.0,0.0
107,65.0,60.0,15.0,0.0,0.0
108,68.0,120.0,240.0,1.0,0.0
109,41.0,60.0,60.0,3.0,0.0
110,40.0,120.0,60.0,3.0,0.0
111,63.0,0.0,120.0,0.0,0.0
112,41.0,0.0,120.0,3.0,0.0
113,61.0,0.0,120.0,0.0,0.0
114,70.0,0.0,120.0,1.0,0.0
115,43.0,120.0,120.0,3.0,0.0
116,60.0,0.0,120.0,0.0,0.0
117,58.0,0.0,60.0,1.0,0.0
118,44.0,60.0,15.0,3.0,0.0
119,68.0,0.0,120.0,0.0,0.0
120,60.0,0.0,240.0,1.0,0.0
121,43.0,120.0,60.0,3.0,0.0
122,44.0,120.0,120.0,3.0,0.0
123,67.0,0.0,120.0,0.0,0.0
124,61.0,0.0,180.0,1.0,0.0
125,65.0,60.0,120.0,0.0,0.0
126,46.0,0.0,120.0,3.0,0.0
127,48.0,60.0,60.0,3.0,0.0
128,64.0,0.0,120.0,0.0,0.0
129,62.0,60.0,60.0,1.0,0.0
130,46.0,0.0,60.0,3.0,0.0
131,44.0,0.0,60.0,3.0,0.0
132,72.0,120.0,120.0,0.0,0.0
133,60.0,60.0,60.0,1.0,0.0
134,46.0,0.0,60.0,3.0,0.0
135,62.0,0.0,60.0,1.0,0.0
136,48.0,0.0,120.0,3.0,0.0
137,64.0,120.0,120.0,1.0,0.0
138,70.0,0.0,120.0,0.0,0.0
139,65.0,0.0,120.0,1.0,0.0
140,68.0,120.0,120.0,0.0,0.0
141,49.0,0.0,120.0,3.0,0.0
142,40.0,60.0,120.0,3.0,0.0
143,67.0,0.0,240.0,1.0,0.0
144,68.0,0.0,60.0,0.0,0.0
145,70.0,60.0,60.0,0.0,0.0
146,36.0,60.0,120.0,3.0,0.0
147,67.0,0.0,60.0,0.0,0.0
148,68.0,60.0,60.0,0.0,0.0
149,67.0,120.0,60.0,0.0,0.0
150,65.0,0.0,120.0,1.0,0.0
151,41.0,60.0,120.0,3.0,0.0
152,68.0,0.0,60.0,0.0,0.0
153,63.0,60.0,300.0,1.0,0.0
154,70.0,0.0,60.0,0.0,0.0
155,43.0,60.0,60.0,3.0,0.0
156,72.0,60.0,60.0,0.0,0.0
157,44.0,0.0,60.0,3.0,0.0
158,73.0,0.0,60.0,0.0,0.0
159,41.0,60.0,60.0,3.0,0.0
160,70.0,60.0,60.0,0.0,0.0
161,43.0,0.0,60.0,3.0,0.0
162,45.0,0.0,60.0,3.0,0.0
163,72.0,120.0,360.0,0.0,0.0
164,61.0,60.0,60.0,1.0,0.0
165,46.0,0.0,60.0,3.0,0.0
166,43.0,0.0,60.0,3.0,0.0
167,60.0,60.0,60.0,1.0,0.0
168,45.0,0.0,60.0,3.0,0.0
169,63.0,120.0,60.0,1.0,0.0
170,62.0,0.0,240.0,1.0,0.0
171,46.0,0.0,120.0,3.0,0.0
172,44.0,60.0,120.0,3.0,0.0
173,65.0,0.0,120.0,0.0,0.0
174,67.0,60.0,60.0,0.0,0.0
175,64.0,0.0,240.0,1.0,0.0
176,43.0,120.0,120.0,3.0,0.0
177,68.0,0.0,60.0,0.0,0.0
178,70.0,0.0,240.0,0.0,0.0
179,48.0,120.0,120.0,3.0,0.0
180,41.0,60.0,120.0,3.0,0.0
181,43.0,120.0,120.0,3.0,0.0
182,65.0,0.0,15.0,1.0,0.0
183,48.0,60.0,60.0,2.0,0.0
184,68.0,0.0,120.0,0.0,0.0
185,47.0,0.0,60.0,2.0,0.0
186,45.0,0.0,120.0,3.0,0.0
187,48.0,120.0,120.0,2.0,0.0
188,63.0,0.0,120.0,1.0,0.0
189,67.0,0.0,120.0,0.0,0.0
190,47.0,0.0,120.0,3.0,0.0
191,62.0,0.0,120.0,1.0,0.0
192,65.0,0.0,120.0,0.0,0.0
193,50.0,120.0,120.0,2.0,0.0
194,63.0,0.0,120.0,0.0,0.0
195,51.0,60.0,120.0,2.0,0.0
196,60.0,0.0,120.0,1.0,0.0
197,68.0,0.0,120.0,1.0,0.0
198,48.0,0.0,15.0,3.0,0.0
199,72.0,0.0,120.0,0.0,0.0
200,51.0,0.0,60.0,2.0,0.0
201,50.0,120.0,60.0,2.0,0.0
202,46.0,0.0,60.0,3.0,0.0
203,48.0,0.0,120.0,3.0,0.0
204,67.0,120.0,120.0,1.0,0.0
205,70.0,0.0,120.0,0.0,0.0
206,51.0,0.0,120.0,2.0,0.0
207,53.0,0.0,120.0,2.0,0.0
208,65.0,60.0,120.0,1.0,0.0
209,68.0,0.0,120.0,0.0,0.0
210,50.0,0.0,120.0,3.0,0.0
211,51.0,0.0,240.0,3.0,0.0
212,55.0,60.0,60.0,2.0,0.0
213,67.0,0.0,240.0,0.0,0.0
214,63.0,0.0,60.0,1.0,0.0
215,62.0,0.0,60.0,1.0,0.0
216,53.0,60.0,60.0,2.0,0.0
217,51.0,0.0,60.0,2.0,0.0
218,60.0,60.0,60.0,1.0,0.0
219,53.0,120.0,60.0,2.0,0.0
220,62.0,0.0,60.0,1.0,0.0
221,63.0,0.0,120.0,1.0,0.0
222,55.0,120.0,120.0,2.0,0.0
223,62.0,0.0,240.0,1.0,0.0
224,65.0,0.0,240.0,0.0,0.0
225,53.0,0.0,120.0,3.0,0.0
226,56.0,120.0,120.0,2.0,0.0
227,55.0,0.0,120.0,3.0,0.0
228,47.0,60.0,120.0,2.0,0.0
229,63.0,60.0,60.0,0.0,0.0
230,60.0,0.0,60.0,1.0,0.0
231,43.0,0.0,60.0,3.0,0.0
232,59.0,60.0,60.0,1.0,0.0
233,62.0,0.0,60.0,0.0,0.0
234,41.0,0.0,60.0,3.0,0.0
235,63.0,60.0,60.0,0.0,0.0
236,39.0,0.0,120.0,3.0,0.0
237,60.0,0.0,360.0,1.0,0.0
238,65.0,60.0,60.0,0.0,0.0
239,36.0,60.0,120.0,3.0,0.0
240,48.0,0.0,120.0,2.0,0.0
241,67.0,60.0,60.0,0.0,0.0
242,63.0,0.0,60.0,0.0,0.0
243,50.0,60.0,60.0,2.0,0.0
244,68.0,0.0,240.0,0.0,0.0
245,41.0,60.0,240.0,3.0,0.0
246,51.0,60.0,60.0,2.0,0.0
247,65.0,60.0,60.0,1.0,0.0
248,48.0,0.0,60.0,2.0,0.0
249,50.0,0.0,60.0,2.0,0.0
250,59.0,0.0,60.0,1.0,0.0
251,60.0,0.0,600.0,1.0,0.0
252,43.0,60.0,240.0,3.0,0.0
253,51.0,60.0,60.0,2.0,0.0
254,53.0,60.0,60.0,2.0,0.0
255,67.0,0.0,120.0,0.0,0.0
256,50.0,60.0,60.0,2.0,0.0
257,51.0,0.0,60.0,2.0,0.0
258,65.0,60.0,60.0,0.0,0.0
259,44.0,0.0,120.0,3.0,0.0
260,53.0,0.0,120.0,2.0,0.0
261,63.0,60.0,60.0,0.0,0.0
262,51.0,0.0,120.0,2.0,0.0
263,65.0,60.0,60.0,0.0,0.0
264,43.0,0.0,120.0,3.0,0.0
265,67.0,120.0,60.0,0.0,0.0
266,41.0,0.0,120.0,3.0,0.0
267,50.0,0.0,120.0,2.0,0.0
268,68.0,60.0,120.0,0.0,0.0
269,43.0,60.0,60.0,3.0,0.0
270,59.0,0.0,120.0,1.0,0.0
271,62.0,0.0,120.0,0.0,0.0
272,55.0,60.0,120.0,2.0,0.0
273,41.0,0.0,60.0,3.0,0.0
274,67.0,60.0,60.0,0.0,0.0
275,60.0,0.0,360.0,1.0,0.0
276,48.0,0.0,240.0,2.0,0.0
277,39.0,0.0,120.0,3.0,0.0
278,65.0,60.0,60.0,0.0,0.0
279,41.0,0.0,120.0,3.0,0.0
280,68.0,60.0,60.0,0.0,0.0
281,67.0,60.0,60.0,0.0,0.0
282,43.0,0.0,240.0,3.0,0.0
283,65.0,60.0,60.0,0.0,0.0
284,55.0,0.0,120.0,2.0,0.0
285,63.0,60.0,60.0,0.0,0.0
286,53.0,120.0,120.0,2.0,0.0
287,59.0,0.0,120.0,1.0,0.0
288,62.0,60.0,60.0,0.0,0.0
289,63.0,0.0,60.0,0.0,0.0
290,60.0,0.0,120.0,1.0,0.0
291,48.0,60.0,120.0,3.0,0.0
292,52.0,0.0,120.0,2.0,0.0
293,48.0,0.0,120.0,2.0,0.0
294,46.0,0.0,120.0,3.0,0.0
295,72.0,60.0,60.0,0.0,0.0
296,73.0,120.0,60.0,0.0,0.0
297,50.0,120.0,120.0,2.0,0.0
298,44.0,0.0,120.0,3.0,0.0
299,72.0,0.0,120.0,0.0,0.0
300,43.0,0.0,120.0,3.0,0.0
301,70.0,0.0,120.0,0.0,0.0
302,52.0,120.0,120.0,2.0,0.0
303,41.0,0.0,120.0,3.0,0.0
304,53.0,60.0,120.0,2.0,0.0
305,68.0,0.0,15.0,0.0,0.0
306,60.0,120.0,120.0,1.0,0.0
307,55.0,0.0,120.0,3.0,0.0
308,70.0,0.0,60.0,0.0,0.0
309,68.0,0.0,120.0,0.0,0.0
310,62.0,120.0,120.0,1.0,0.0
311,53.0,0.0,120.0,3.0,0.0
312,67.0,0.0,120.0,0.0,0.0
313,51.0,120.0,120.0,3.0,0.0
314,63.0,0.0,120.0,1.0,0.0
315,50.0,60.0,120.0,3.0,0.0
316,65.0,0.0,120.0,1.0,0.0
317,67.0,0.0,60.0,0.0,0.0
318,51.0,0.0,120.0,3.0,0.0
319,68.0,60.0,60.0,0.0,0.0
320,53.0,120.0,120.0,2.0,0.0
321,67.0,0.0,60.0,0.0,0.0
322,65.0,0.0,120.0,0.0,0.0
323,50.0,120.0,120.0,3.0,0.0
324,55.0,0.0,120.0,2.0,0.0
325,63.0,0.0,120.0,0.0,0.0
326,48.0,0.0,120.0,3.0,0.0
327,57.0,120.0,120.0,2.0,0.0
328,46.0,0.0,120.0,3.0,0.0
329,58.0,120.0,120.0,2.0,0.0
330,74.0,0.0,120.0,0.0,0.0
331,77.0,0.0,120.0,0.0,0.0
332,58.0,0.0,120.0,1.0,0.0
333,48.0,120.0,120.0,3.0,0.0
334,46.0,0.0,120.0,3.0,0.0
335,60.0,120.0,120.0,1.0,0.0
336,72.0,60.0,120.0,0.0,0.0
337,62.0,0.0,120.0,1.0,0.0
338,44.0,0.0,120.0,3.0,0.0
339,70.0,60.0,60.0,0.0,0.0
340,63.0,0.0,120.0,1.0,0.0
341,43.0,0.0,120.0,3.0,0.0
342,68.0,60.0,60.0,0.0,0.0
343,72.0,60.0,60.0,0.0,0.0
344,51.0,60.0,240.0,3.0,0.0
345,55.0,0.0,120.0,2.0,0.0
346,70.0,60.0,60.0,0.0,0.0
347,53.0,0.0,240.0,2.0,0.0
348,68.0,60.0,60.0,0.0,0.0
349,67.0,0.0,60.0,0.0,0.0
350,70.0,60.0,60.0,0.0,0.0
351,50.0,0.0,120.0,3.0,0.0
352,68.0,120.0,60.0,0.0,0.0
353,51.0,60.0,600.0,2.0,0.0
354,67.0,60.0,120.0,0.0,0.0
355,48.0,0.0,60.0,3.0,0.0
356,68.0,0.0,120.0,0.0,0.0
357,46.0,60.0,60.0,3.0,0.0
358,44.0,60.0,60.0,3.0,0.0
359,70.0,60.0,60.0,0.0,0.0
360,43.0,60.0,120.0,3.0,0.0
361,67.0,0.0,60.0,0.0,0.0
362,65.0,60.0,60.0,0.0,0.0
363,48.0,30.0,120.0,3.0,0.0
364,63.0,0.0,60.0,0.0,0.0
365,44.0,0.0,120.0,3.0,0.0
366,72.0,30.0,30.0,0.0,0.0
367,74.0,60.0,30.0,0.0,0.0
368,72.0,0.0,60.0,0.0,0.0
369,74.0,60.0,60.0,0.0,0.0
370,41.0,120.0,120.0,3.0,0.0
371,53.0,60.0,240.0,2.0,0.0
372,70.0,0.0,60.0,1.0,0.0
373,72.0,0.0,60.0,1.0,0.0
374,75.0,0.0,60.0,0.0,0.0
375,74.0,50.0,180.0,0.0,0.0
376,70.0,0.0,120.0,1.0,0.0
377,46.0,0.0,120.0,3.0,0.0
378,68.0,120.0,120.0,1.0,0.0
379,46.0,60.0,240.0,2.0,0.0
380,34.0,0.0,120.0,3.0,0.0
381,75.0,10.0,60.0,0.0,0.0
382,39.0,0.0,120.0,3.0,0.0
383,75.0,0.0,600.0,0.0,0.0
384,67.0,0.0,15.0,1.0,0.0
385,63.0,0.0,60.0,2.0,0.0
386,68.0,0.0,60.0,1.0,0.0
387,65.0,120.0,60.0,2.0,0.0
388,63.0,0.0,120.0,2.0,0.0
389,67.0,120.0,120.0,1.0,0.0
390,65.0,120.0,120.0,1.0,0.0
391,61.0,0.0,120.0,2.0,0.0
392,60.0,60.0,120.0,2.0,0.0
393,63.0,120.0,240.0,1.0,0.0
394,60.0,0.0,60.0,2.0,0.0
395,75.0,60.0,60.0,0.0,0.0
396,61.0,0.0,60.0,2.0,0.0
397,77.0,0.0,60.0,0.0,0.0
398,60.0,0.0,120.0,2.0,0.0
399,75.0,0.0,120.0,0.0,0.0
400,65.0,120.0,120.0,1.0,0.0
401,58.0,60.0,120.0,2.0,0.0
402,67.0,0.0,120.0,1.0,0.0
403,73.0,0.0,120.0,0.0,0.0
404,56.0,0.0,60.0,2.0,0.0
405,72.0,60.0,60.0,0.0,0.0
406,68.0,60.0,240.0,1.0,0.0
407,58.0,0.0,60.0,2.0,0.0
408,70.0,60.0,60.0,0.0,0.0
409,60.0,60.0,60.0,2.0,0.0
410,68.0,0.0,60.0,0.0,0.0
411,70.0,0.0,60.0,0.0,0.0
412,58.0,0.0,60.0,2.0,0.0
413,56.0,120.0,120.0,2.0,0.0
414,72.0,60.0,60.0,0.0,0.0
415,73.0,0.0,60.0,0.0,0.0
416,75.0,60.0,180.0,0.0,0.0
417,70.0,60.0,120.0,1.0,0.0
418,54.0,0.0,120.0,2.0,0.0
419,65.0,60.0,120.0,2.0,0.0
420,69.0,0.0,180.0,1.0,0.0
421,73.0,0.0,60.0,0.0,0.0
422,72.0,60.0,60.0,0.0,0.0
423,69.0,0.0,120.0,2.0,0.0
424,70.0,0.0,60.0,1.0,0.0
425,73.0,60.0,60.0,0.0,0.0
426,72.0,60.0,300.0,1.0,0.0
427,75.0,60.0,60.0,0.0,0.0
428,77.0,60.0,60.0,0.0,0.0
429,78.0,60.0,60.0,0.0,0.0
430,63.0,0.0,120.0,2.0,0.0
431,75.0,60.0,60.0,0.0,0.0
432,61.0,0.0,60.0,2.0,0.0
433,77.0,0.0,180.0,0.0,0.0
434,60.0,0.0,60.0,2.0,0.0
435,69.0,60.0,60.0,1.0,0.0
436,63.0,60.0,60.0,2.0,0.0
437,70.0,0.0,180.0,1.0,0.0
438,61.0,60.0,60.0,2.0,0.0
439,78.0,0.0,60.0,0.0,0.0
440,75.0,60.0,180.0,0.0,0.0
441,60.0,60.0,60.0,2.0,0.0
442,58.0,0.0,60.0,2.0,0.0
443,67.0,60.0,60.0,1.0,0.0
444,61.0,0.0,60.0,2.0,0.0
445,69.0,0.0,120.0,1.0,0.0
446,77.0,0.0,60.0,0.0,0.0
447,60.0,60.0,60.0,2.0,0.0
448,58.0,60.0,120.0,2.0,0.0
449,73.0,60.0,60.0,0.0,0.0
450,70.0,0.0,240.0,1.0,0.0
451,72.0,0.0,60.0,0.0,0.0
452,73.0,60.0,60.0,0.0,0.0
453,60.0,60.0,120.0,2.0,0.0
454,75.0,0.0,60.0,0.0,0.0
455,61.0,60.0,60.0,2.0,0.0
456,77.0,60.0,120.0,0.0,0.0
457,60.0,0.0,60.0,2.0,0.0
458,58.0,60.0,60.0,2.0,0.0
459,61.0,0.0,120.0,1.0,0.0
460,65.0,0.0,120.0,0.0,0.0
461,56.0,60.0,60.0,2.0,0.0
462,54.0,0.0,120.0,2.0,0.0
463,70.0,60.0,60.0,0.0,0.0
464,63.0,0.0,60.0,1.0,0.0
465,69.0,0.0,60.0,1.0,0.0
466,75.0,60.0,60.0,0.0,0.0
467,73.0,60.0,60.0,0.0,0.0
468,53.0,0.0,60.0,3.0,0.0
469,70.0,0.0,60.0,1.0,0.0
470,72.0,0.0,60.0,1.0,0.0
471,54.0,0.0,60.0,3.0,0.0
472,54.0,20.0,60.0,2.0,0.0
473,69.0,120.0,240.0,1.0,0.0
474,73.0,20.0,20.0,0.0,0.0
475,53.0,0.0,360.0,2.0,0.0
476,72.0,20.0,20.0,0.0,0.0
477,73.0,20.0,20.0,0.0,0.0
478,72.0,20.0,20.0,0.0,0.0
479,73.0,80.0,20.0,0.0,0.0
480,72.0,50.0,90.0,0.0,0.0
481,51.0,0.0,120.0,3.0,0.0
482,70.0,10.0,60.0,0.0,0.0
483,70.0,0.0,360.0,0.0,0.0
484,65.0,60.0,60.0,1.0,0.0
485,49.0,60.0,15.0,3.0,0.0
486,53.0,120.0,120.0,2.0,0.0
487,51.0,0.0,60.0,3.0,0.0
488,66.0,0.0,60.0,1.0,0.0
489,65.0,0.0,120.0,1.0,0.0
490,49.0,120.0,120.0,3.0,0.0
491,55.0,0.0,120.0,2.0,0.0
492,57.0,60.0,120.0,2.0,0.0
493,63.0,0.0,120.0,1.0,0.0
494,72.0,0.0,120.0,0.0,0.0
495,48.0,0.0,120.0,3.0,0.0
496,61.0,60.0,120.0,1.0,0.0
497,73.0,0.0,720.0,0.0,0.0
498,46.0,60.0,60.0,3.0,0.0
499,58.0,0.0,120.0,2.0,0.0
500,48.0,0.0,60.0,3.0,0.0
501,49.0,60.0,60.0,3.0,0.0
502,65.0,120.0,120.0,1.0,0.0
503,48.0,0.0,60.0,3.0,0.0
504,67.0,0.0,120.0,1.0,0.0
505,46.0,120.0,120.0,3.0,0.0
506,68.0,0.0,120.0,1.0,0.0
507,44.0,60.0,120.0,3.0,0.0
508,70.0,60.0,60.0,1.0,0.0
509,55.0,60.0,120.0,3.0,0.0
510,68.0,0.0,60.0,1.0,0.0
511,67.0,60.0,60.0,1.0,0.0
512,58.0,0.0,120.0,3.0,0.0
513,65.0,120.0,60.0,1.0,0.0
514,63.0,0.0,120.0,1.0,0.0
515,72.0,60.0,60.0,0.0,0.0
516,70.0,60.0,60.0,0.0,0.0
517,61.0,0.0,240.0,1.0,0.0
518,53.0,0.0,120.0,3.0,0.0
519,68.0,60.0,60.0,0.0,0.0
520,51.0,60.0,60.0,3.0,0.0
521,67.0,60.0,120.0,0.0,0.0
522,49.0,0.0,60.0,3.0,0.0
523,53.0,60.0,60.0,3.0,0.0
524,60.0,0.0,120.0,1.0,0.0
525,68.0,60.0,240.0,0.0,0.0
526,51.0,60.0,60.0,3.0,0.0
527,58.0,0.0,240.0,1.0,0.0
528,49.0,60.0,60.0,3.0,0.0
529,48.0,0.0,60.0,3.0,0.0
530,51.0,60.0,60.0,3.0,0.0
531,67.0,0.0,120.0,0.0,0.0
532,49.0,120.0,60.0,3.0,0.0
533,68.0,0.0,360.0,0.0,0.0
534,48.0,0.0,120.0,3.0,0.0
535,65.0,60.0,60.0,1.0,0.0
536,49.0,0.0,120.0,3.0,0.0
537,63.0,60.0,60.0,1.0,0.0
538,61.0,60.0,60.0,1.0,0.0
539,51.0,60.0,60.0,3.0,0.0
540,60.0,0.0,120.0,1.0,0.0
541,48.0,60.0,60.0,3.0,0.0
542,66.0,0.0,120.0,0.0,0.0
543,63.0,60.0,240.0,1.0,0.0
544,46.0,60.0,60.0,3.0,0.0
545,44.0,60.0,60.0,3.0,0.0
546,65.0,0.0,480.0,0.0,0.0
547,49.0,60.0,60.0,3.0,0.0
548,48.0,0.0,60.0,3.0,0.0
549,46.0,0.0,60.0,3.0,0.0
550,61.0,60.0,60.0,1.0,0.0
551,63.0,0.0,60.0,1.0,0.0
552,44.0,60.0,60.0,3.0,0.0
553,46.0,60.0,60.0,3.0,0.0
554,61.0,60.0,120.0,1.0,0.0
555,48.0,0.0,60.0,3.0,0.0
556,60.0,0.0,120.0,1.0,0.0
557,49.0,60.0,60.0,3.0,0.0
558,46.0,120.0,60.0,3.0,0.0
559,58.0,60.0,120.0,1.0,0.0
560,43.0,0.0,240.0,3.0,0.0
561,64.0,0.0,120.0,0.0,0.0
562,55.0,60.0,60.0,2.0,0.0
563,58.0,0.0,60.0,1.0,0.0
564,56.0,0.0,60.0,2.0,0.0
565,60.0,120.0,60.0,1.0,0.0
566,58.0,0.0,120.0,1.0,0.0
567,65.0,0.0,120.0,0.0,0.0
568,55.0,0.0,120.0,2.0,0.0
569,44.0,120.0,120.0,3.0,0.0
570,67.0,0.0,120.0,0.0,0.0
571,46.0,0.0,240.0,3.0,0.0
572,53.0,0.0,120.0,2.0,0.0
573,56.0,60.0,120.0,1.0,0.0
574,60.0,120.0,240.0,0.0,0.0
575,52.0,60.0,360.0,2.0,0.0
576,55.0,60.0,60.0,1.0,0.0
577,56.0,60.0,60.0,1.0,0.0
578,48.0,0.0,120.0,3.0,0.0
579,58.0,60.0,60.0,1.0,0.0
580,56.0,0.0,60.0,1.0,0.0
581,46.0,0.0,120.0,3.0,0.0
582,55.0,0.0,120.0,1.0,0.0
583,62.0,0.0,60.0,0.0,0.0
584,48.0,0.0,120.0,2.0,0.0
585,44.0,0.0,120.0,3.0,0.0
586,64.0,60.0,60.0,0.0,0.0
587,53.0,0.0,120.0,1.0,0.0
588,65.0,60.0,60.0,0.0,0.0
589,46.0,0.0,120.0,2.0,0.0
590,43.0,0.0,120.0,3.0,0.0
591,67.0,60.0,60.0,0.0,0.0
592,64.0,0.0,120.0,1.0,0.0
593,68.0,60.0,60.0,0.0,0.0
594,49.0,0.0,60.0,2.0,0.0
595,46.0,60.0,60.0,3.0,0.0
596,67.0,0.0,120.0,1.0,0.0
597,68.0,120.0,60.0,0.0,0.0
598,48.0,0.0,60.0,2.0,0.0
599,44.0,0.0,60.0,3.0,0.0
600,46.0,120.0,120.0,2.0,0.0
601,70.0,0.0,360.0,0.0,0.0
602,43.0,0.0,120.0,3.0,0.0
603,61.0,60.0,120.0,1.0,0.0
604,44.0,0.0,120.0,2.0,0.0
605,41.0,0.0,120.0,3.0,0.0
606,43.0,0.0,120.0,2.0,0.0
607,60.0,60.0,60.0,1.0,0.0
608,40.0,60.0,120.0,3.0,0.0
609,58.0,0.0,60.0,1.0,0.0
610,44.0,0.0,120.0,2.0,0.0
611,61.0,60.0,60.0,1.0,0.0
612,68.0,0.0,240.0,0.0,0.0
613,41.0,60.0,120.0,3.0,0.0
614,60.0,0.0,60.0,1.0,0.0
615,58.0,60.0,60.0,1.0,0.0
616,43.0,0.0,120.0,3.0,0.0
617,46.0,0.0,120.0,2.0,0.0
618,56.0,60.0,60.0,1.0,0.0
619,40.0,120.0,120.0,3.0,0.0
620,67.0,0.0,240.0,0.0,0.0
621,43.0,0.0,120.0,2.0,0.0
622,60.0,60.0,60.0,1.0,0.0
623,58.0,0.0,60.0,1.0,0.0
624,56.0,60.0,120.0,1.0,0.0
625,48.0,0.0,360.0,2.0,0.0
626,41.0,0.0,120.0,3.0,0.0
627,43.0,60.0,120.0,3.0,0.0
628,58.0,0.0,120.0,1.0,0.0
629,65.0,60.0,60.0,0.0,0.0
630,64.0,0.0,60.0,0.0,0.0
631,60.0,60.0,60.0,1.0,0.0
632,65.0,0.0,480.0,0.0,0.0
633,44.0,60.0,120.0,3.0,0.0
634,56.0,0.0,60.0,1.0,0.0
635,49.0,0.0,240.0,2.0,0.0
636,55.0,60.0,60.0,1.0,0.0
637,53.0,60.0,60.0,1.0,0.0
638,46.0,0.0,120.0,3.0,0.0
639,61.0,60.0,60.0,1.0,0.0
640,58.0,60.0,60.0,1.0,0.0
641,46.0,120.0,120.0,2.0,0.0
642,43.0,0.0,120.0,3.0,0.0
643,60.0,60.0,60.0,1.0,0.0
644,61.0,0.0,60.0,1.0,0.0
645,55.0,50.0,180.0,1.0,0.0
646,64.0,0.0,240.0,0.0,0.0
647,48.0,60.0,120.0,2.0,0.0
648,36.0,120.0,120.0,3.0,0.0
649,46.0,0.0,120.0,2.0,0.0
650,53.0,10.0,60.0,1.0,0.0
651,53.0,0.0,120.0,1.0,0.0
652,44.0,0.0,120.0,2.0,0.0
653,41.0,60.0,120.0,3.0,0.0
654,65.0,0.0,15.0,0.0,0.0
655,53.0,0.0,120.0,3.0,0.0
656,64.0,120.0,60.0,0.0,0.0
657,65.0,0.0,120.0,0.0,0.0
658,44.0,120.0,120.0,3.0,0.0
659,48.0,120.0,120.0,3.0,0.0
660,67.0,0.0,120.0,0.0,0.0
661,41.0,0.0,120.0,3.0,0.0
662,68.0,60.0,120.0,0.0,0.0
663,53.0,0.0,60.0,2.0,0.0
664,68.0,60.0,60.0,0.0,0.0
665,49.0,0.0,120.0,3.0,0.0
666,52.0,0.0,60.0,2.0,0.0
667,67.0,120.0,60.0,0.0,0.0
668,48.0,0.0,120.0,3.0,0.0
669,53.0,120.0,120.0,2.0,0.0
670,68.0,0.0,120.0,0.0,0.0
671,55.0,60.0,120.0,2.0,0.0
672,70.0,0.0,120.0,0.0,0.0
673,46.0,0.0,120.0,3.0,0.0
674,56.0,0.0,120.0,2.0,0.0
675,44.0,60.0,120.0,3.0,0.0
676,72.0,60.0,60.0,0.0,0.0
677,70.0,0.0,60.0,0.0,0.0
678,68.0,60.0,60.0,0.0,0.0
679,56.0,0.0,60.0,2.0,0.0
680,53.0,0.0,120.0,3.0,0.0
681,70.0,120.0,60.0,0.0,0.0
682,55.0,0.0,60.0,2.0,0.0
683,56.0,120.0,120.0,2.0,0.0
684,72.0,0.0,120.0,0.0,0.0
685,51.0,0.0,120.0,3.0,0.0
686,58.0,0.0,120.0,2.0,0.0
687,49.0,0.0,120.0,3.0,0.0
688,73.0,60.0,120.0,0.0,0.0
689,64.0,60.0,120.0,0.0,0.0
690,48.0,0.0,120.0,3.0,0.0
691,60.0,60.0,60.0,2.0,0.0
692,58.0,0.0,60.0,2.0,0.0
693,53.0,0.0,60.0,3.0,0.0
694,60.0,60.0,120.0,0.0,0.0
695,56.0,60.0,60.0,2.0,0.0
696,51.0,0.0,60.0,3.0,0.0
697,58.0,0.0,60.0,2.0,0.0
698,49.0,60.0,60.0,3.0,0.0
699,60.0,60.0,120.0,2.0,0.0
700,48.0,0.0,60.0,3.0,0.0
701,65.0,60.0,120.0,0.0,0.0
702,61.0,0.0,120.0,2.0,0.0
703,46.0,60.0,60.0,3.0,0.0
704,44.0,0.0,60.0,3.0,0.0
705,52.0,60.0,120.0,2.0,0.0
706,67.0,60.0,60.0,0.0,0.0
707,43.0,0.0,120.0,3.0,0.0
708,68.0,0.0,60.0,0.0,0.0
709,65.0,0.0,60.0,0.0,0.0
710,56.0,60.0,60.0,3.0,0.0
711,48.0,0.0,120.0,2.0,0.0
712,55.0,60.0,60.0,3.0,0.0
713,67.0,0.0,60.0,0.0,0.0
714,53.0,60.0,60.0,3.0,0.0
715,68.0,0.0,60.0,0.0,0.0
716,70.0,0.0,60.0,0.0,0.0
717,51.0,60.0,60.0,3.0,0.0
718,67.0,0.0,60.0,0.0,0.0
719,49.0,60.0,60.0,3.0,0.0
720,53.0,0.0,120.0,2.0,0.0
721,68.0,0.0,60.0,0.0,0.0
722,48.0,60.0,60.0,3.0,0.0
723,55.0,60.0,60.0,2.0,0.0
724,70.0,60.0,120.0,0.0,0.0
725,46.0,0.0,120.0,3.0,0.0
726,56.0,0.0,60.0,2.0,0.0
727,53.0,60.0,60.0,2.0,0.0
728,68.0,60.0,120.0,0.0,0.0
729,55.0,0.0,60.0,2.0,0.0
730,56.0,60.0,60.0,2.0,0.0
731,48.0,0.0,120.0,3.0,0.0
732,67.0,60.0,120.0,0.0,0.0
733,58.0,0.0,60.0,2.0,0.0
734,55.0,60.0,60.0,2.0,0.0
735,72.0,120.0,120.0,0.0,0.0
736,56.0,0.0,60.0,2.0,0.0
737,49.0,0.0,120.0,3.0,0.0
738,58.0,0.0,120.0,2.0,0.0
739,65.0,120.0,120.0,0.0,0.0
740,56.0,0.0,120.0,2.0,0.0
741,77.0,0.0,240.0,0.0,0.0
742,48.0,120.0,120.0,3.0,0.0
743,55.0,120.0,120.0,2.0,0.0
744,46.0,0.0,120.0,3.0,0.0
745,48.0,0.0,120.0,3.0,0.0
746,75.0,60.0,240.0,0.0,0.0
747,60.0,120.0,120.0,2.0,0.0
748,44.0,0.0,120.0,3.0,0.0
749,53.0,0.0,600.0,2.0,0.0
750,43.0,60.0,120.0,3.0,0.0
751,80.0,60.0,60.0,0.0,0.0
752,79.0,0.0,60.0,0.0,0.0
753,77.0,60.0,60.0,0.0,0.0
754,44.0,60.0,120.0,3.0,0.0
755,75.0,0.0,60.0,0.0,0.0
756,41.0,120.0,120.0,3.0,0.0
757,74.0,60.0,60.0,0.0,0.0
758,72.0,0.0,60.0,0.0,0.0
759,71.0,60.0,120.0,0.0,0.0
760,43.0,0.0,360.0,3.0,0.0
761,67.0,0.0,120.0,0.0,0.0
762,60.0,0.0,60.0,1.0,0.0
763,51.0,60.0,60.0,2.0,0.0
764,59.0,120.0,60.0,1.0,0.0
765,50.0,0.0,60.0,2.0,0.0
766,51.0,0.0,120.0,2.0,0.0
767,60.0,120.0,120.0,1.0,0.0
768,69.0,0.0,120.0,0.0,0.0
769,71.0,0.0,120.0,0.0,0.0
770,53.0,0.0,120.0,2.0,0.0
771,41.0,60.0,120.0,3.0,0.0
772,62.0,0.0,120.0,1.0,0.0
773,39.0,0.0,120.0,3.0,0.0
774,55.0,60.0,120.0,2.0,0.0
775,72.0,60.0,60.0,0.0,0.0
776,70.0,0.0,60.0,0.0,0.0
777,63.0,0.0,15.0,1.0,0.0
778,68.0,60.0,60.0,0.0,0.0
779,48.0,0.0,60.0,3.0,0.0
780,60.0,0.0,240.0,2.0,0.0
781,62.0,0.0,60.0,1.0,0.0
782,67.0,0.0,60.0,0.0,0.0
783,47.0,120.0,60.0,3.0,0.0
784,68.0,120.0,240.0,0.0,0.0
785,63.0,120.0,120.0,1.0,0.0
786,48.0,0.0,120.0,3.0,0.0
787,59.0,0.0,120.0,2.0,0.0
788,65.0,0.0,120.0,1.0,0.0
789,50.0,0.0,120.0,3.0,0.0
790,67.0,0.0,120.0,0.0,0.0
791,60.0,0.0,120.0,2.0,0.0
792,65.0,0.0,60.0,1.0,0.0
793,72.0,60.0,60.0,0.0,0.0
794,63.0,0.0,60.0,1.0,0.0
795,51.0,60.0,15.0,3.0,0.0
796,50.0,0.0,60.0,3.0,0.0
797,65.0,120.0,60.0,1.0,0.0
798,71.0,0.0,60.0,0.0,0.0
799,51.0,120.0,120.0,3.0,0.0
800,72.0,0.0,120.0,0.0,0.0
801,67.0,0.0,120.0,1.0,0.0
802,68.0,60.0,120.0,1.0,0.0
803,74.0,0.0,120.0,0.0,0.0
804,53.0,0.0,120.0,3.0,0.0
805,55.0,60.0,60.0,3.0,0.0
806,59.0,60.0,120.0,1.0,0.0
807,53.0,0.0,60.0,3.0,0.0
808,75.0,0.0,15.0,0.0,0.0
809,55.0,0.0,120.0,1.0,0.0
810,51.0,0.0,60.0,3.0,0.0
811,74.0,120.0,60.0,0.0,0.0
812,53.0,0.0,60.0,3.0,0.0
813,55.0,120.0,120.0,3.0,0.0
814,75.0,0.0,120.0,0.0,0.0
815,56.0,0.0,120.0,3.0,0.0
816,77.0,0.0,120.0,0.0,0.0
817,60.0,60.0,120.0,1.0,0.0
818,47.0,60.0,120.0,3.0,0.0
819,62.0,60.0,60.0,1.0,0.0
820,67.0,60.0,840.0,0.0,0.0
821,63.0,0.0,60.0,1.0,0.0
822,43.0,60.0,120.0,3.0,0.0
823,60.0,60.0,60.0,1.0,0.0
824,62.0,0.0,60.0,1.0,0.0
825,63.0,60.0,60.0,1.0,0.0
826,65.0,60.0,60.0,1.0,0.0
827,62.0,60.0,60.0,1.0,0.0
828,48.0,60.0,120.0,3.0,0.0
829,63.0,0.0,60.0,1.0,0.0
830,65.0,0.0,120.0,1.0,0.0
831,50.0,60.0,60.0,3.0,0.0
832,51.0,60.0,60.0,3.0,0.0
833,63.0,60.0,120.0,1.0,0.0
834,48.0,60.0,60.0,3.0,0.0
835,50.0,0.0,60.0,3.0,0.0
836,51.0,60.0,60.0,3.0,0.0
837,62.0,0.0,120.0,1.0,0.0
838,53.0,0.0,60.0,3.0,0.0
839,50.0,60.0,60.0,3.0,0.0
840,72.0,0.0,60.0,0.0,0.0
841,67.0,0.0,120.0,1.0,0.0
842,70.0,0.0,60.0,0.0,0.0
843,51.0,60.0,60.0,3.0,0.0
844,60.0,0.0,360.0,1.0,0.0
845,68.0,60.0,60.0,0.0,0.0
846,53.0,60.0,120.0,3.0,0.0
847,67.0,0.0,60.0,0.0,0.0
848,51.0,0.0,120.0,3.0,0.0
849,65.0,60.0,60.0,0.0,0.0
850,67.0,120.0,60.0,0.0,0.0
851,50.0,0.0,120.0,3.0,0.0
852,68.0,60.0,120.0,0.0,0.0
853,55.0,0.0,120.0,3.0,0.0
854,67.0,60.0,60.0,0.0,0.0
855,59.0,120.0,120.0,1.0,0.0
856,65.0,0.0,60.0,0.0,0.0
857,48.0,0.0,120.0,3.0,0.0
858,63.0,0.0,240.0,0.0,0.0
859,60.0,60.0,120.0,1.0,0.0
860,68.0,60.0,60.0,1.0,0.0
861,48.0,0.0,60.0,3.0,0.0
862,47.0,60.0,60.0,3.0,0.0
863,67.0,0.0,60.0,1.0,0.0
864,68.0,0.0,360.0,0.0,0.0
865,65.0,60.0,60.0,1.0,0.0
866,48.0,60.0,120.0,3.0,0.0
867,63.0,0.0,60.0,1.0,0.0
868,50.0,120.0,120.0,3.0,0.0
869,62.0,60.0,60.0,1.0,0.0
870,60.0,0.0,60.0,1.0,0.0
871,58.0,60.0,120.0,1.0,0.0
872,51.0,60.0,600.0,3.0,0.0
873,67.0,60.0,60.0,0.0,0.0
874,63.0,0.0,60.0,1.0,0.0
875,61.0,0.0,60.0,1.0,0.0
876,65.0,60.0,60.0,0.0,0.0
877,60.0,60.0,60.0,1.0,0.0
878,67.0,0.0,120.0,0.0,0.0
879,58.0,60.0,60.0,1.0,0.0
880,57.0,60.0,60.0,1.0,0.0
881,69.0,0.0,120.0,0.0,0.0
882,55.0,120.0,60.0,1.0,0.0
883,53.0,0.0,120.0,1.0,0.0
884,70.0,0.0,600.0,0.0,0.0
885,50.0,0.0,60.0,3.0,0.0
886,70.0,60.0,60.0,1.0,0.0
887,48.0,60.0,60.0,3.0,0.0
888,68.0,0.0,60.0,1.0,0.0
889,67.0,60.0,60.0,1.0,0.0
890,50.0,60.0,120.0,3.0,0.0
891,65.0,0.0,60.0,1.0,0.0
892,52.0,120.0,120.0,3.0,0.0
893,64.0,60.0,60.0,1.0,0.0
894,62.0,0.0,60.0,1.0,0.0
895,53.0,60.0,120.0,3.0,0.0
896,60.0,120.0,240.0,1.0,0.0
897,68.0,60.0,60.0,0.0,0.0
898,53.0,0.0,60.0,2.0,0.0
899,67.0,0.0,60.0,0.0,0.0
900,52.0,0.0,60.0,2.0,0.0
901,53.0,120.0,120.0,2.0,0.0
902,68.0,0.0,120.0,0.0,0.0
903,65.0,0.0,240.0,1.0,0.0
904,70.0,0.0,120.0,0.0,0.0
905,55.0,120.0,120.0,2.0,0.0
906,72.0,0.0,120.0,0.0,0.0
907,65.0,120.0,120.0,0.0,0.0
908,56.0,60.0,15.0,2.0,0.0
909,53.0,0.0,120.0,3.0,0.0
910,55.0,0.0,60.0,2.0,0.0
911,64.0,0.0,60.0,1.0,0.0
912,56.0,120.0,120.0,2.0,0.0
913,51.0,0.0,120.0,3.0,0.0
914,65.0,0.0,120.0,1.0,0.0
915,77.0,60.0,300.0,0.0,0.0
916,49.0,0.0,120.0,3.0,0.0
917,67.0,60.0,120.0,1.0,0.0
918,58.0,0.0,120.0,2.0,0.0
919,60.0,0.0,60.0,2.0,0.0
920,48.0,120.0,240.0,3.0,0.0
921,68.0,0.0,120.0,1.0,0.0
922,58.0,60.0,60.0,2.0,0.0
923,76.0,0.0,60.0,0.0,0.0
924,68.0,60.0,60.0,1.0,0.0
925,56.0,0.0,60.0,2.0,0.0
926,77.0,0.0,60.0,0.0,0.0
927,76.0,0.0,60.0,0.0,0.0
928,58.0,0.0,60.0,2.0,0.0
929,67.0,0.0,60.0,1.0,0.0
930,68.0,0.0,120.0,1.0,0.0
931,77.0,120.0,120.0,0.0,0.0
932,60.0,0.0,120.0,2.0,0.0
933,70.0,0.0,120.0,1.0,0.0
934,61.0,0.0,120.0,2.0,0.0
935,79.0,120.0,120.0,0.0,0.0
936,52.0,0.0,120.0,2.0,0.0
937,72.0,0.0,360.0,0.0,0.0
938,70.0,60.0,60.0,1.0,0.0
939,41.0,60.0,60.0,3.0,0.0
940,68.0,0.0,60.0,1.0,0.0
941,48.0,0.0,120.0,2.0,0.0
942,70.0,120.0,60.0,1.0,0.0
943,43.0,0.0,60.0,3.0,0.0
944,44.0,0.0,120.0,3.0,0.0
945,72.0,60.0,120.0,1.0,0.0
946,53.0,0.0,120.0,2.0,0.0
947,46.0,0.0,240.0,3.0,0.0
948,70.0,60.0,60.0,0.0,0.0
949,73.0,0.0,120.0,1.0,0.0
950,68.0,60.0,60.0,0.0,0.0
951,64.0,0.0,120.0,1.0,0.0
952,55.0,60.0,60.0,2.0,0.0
953,67.0,60.0,120.0,0.0,0.0
954,56.0,0.0,60.0,2.0,0.0
955,44.0,0.0,60.0,3.0,0.0
956,72.0,60.0,60.0,0.0,0.0
957,53.0,0.0,60.0,2.0,0.0
958,60.0,0.0,120.0,1.0,0.0
959,55.0,0.0,60.0,2.0,0.0
960,46.0,60.0,60.0,3.0,0.0
961,70.0,0.0,60.0,0.0,0.0
962,48.0,60.0,120.0,3.0,0.0
963,68.0,60.0,60.0,0.0,0.0
964,56.0,0.0,60.0,2.0,0.0
965,67.0,0.0,60.0,0.0,0.0
966,58.0,0.0,60.0,2.0,0.0
967,55.0,60.0,60.0,2.0,0.0
968,49.0,0.0,240.0,3.0,0.0
969,65.0,0.0,120.0,1.0,0.0
970,64.0,0.0,60.0,0.0,0.0
971,56.0,60.0,60.0,2.0,0.0
972,65.0,60.0,120.0,0.0,0.0
973,67.0,60.0,60.0,1.0,0.0
974,58.0,0.0,120.0,2.0,0.0
975,68.0,0.0,60.0,1.0,0.0
976,65.0,0.0,60.0,1.0,0.0
977,56.0,0.0,120.0,2.0,0.0
978,48.0,60.0,60.0,3.0,0.0
979,67.0,60.0,60.0,1.0,0.0
980,46.0,0.0,60.0,3.0,0.0
981,64.0,0.0,120.0,0.0,0.0
982,55.0,0.0,120.0,2.0,0.0
983,48.0,0.0,120.0,3.0,0.0
984,68.0,60.0,60.0,1.0,0.0
985,70.0,60.0,60.0,1.0,0.0
986,44.0,0.0,120.0,3.0,0.0
987,67.0,60.0,60.0,1.0,0.0
988,60.0,120.0,120.0,2.0,0.0
989,68.0,0.0,60.0,1.0,0.0
990,65.0,0.0,240.0,0.0,0.0
991,49.0,0.0,120.0,3.0,0.0
992,70.0,60.0,120.0,1.0,0.0
993,53.0,0.0,360.0,2.0,0.0
994,48.0,60.0,60.0,3.0,0.0
995,68.0,60.0,120.0,1.0,0.0
996,46.0,0.0,60.0,3.0,0.0
997,67.0,0.0,120.0,1.0,0.0
998,48.0,60.0,60.0,3.0,0.0
999,49.0,60.0,60.0,3.0,0.0
1000,72.0,120.0,120.0,1.0,0.0
1001,51.0,60.0,240.0,2.0,0.0
1002,48.0,60.0,60.0,3.0,0.0
1003,46.0,0.0,60.0,3.0,0.0
1004,45.0,0.0,120.0,3.0,0.0
1005,65.0,60.0,300.0,1.0,0.0
1006,41.0,0.0,120.0,3.0,0.0
1007,49.0,60.0,60.0,2.0,0.0
1008,48.0,60.0,60.0,2.0,0.0
1009,49.0,60.0,360.0,2.0,0.0
1010,46.0,60.0,120.0,3.0,0.0
1011,73.0,0.0,60.0,1.0,0.0
1012,44.0,0.0,120.0,3.0,0.0
1013,70.0,60.0,60.0,1.0,0.0
1014,67.0,120.0,60.0,1.0,0.0
1015,63.0,60.0,300.0,1.0,0.0
1016,43.0,0.0,120.0,3.0,0.0
1017,48.0,60.0,60.0,2.0,0.0
1018,39.0,60.0,120.0,3.0,0.0
1019,46.0,0.0,60.0,2.0,0.0
1020,48.0,0.0,480.0,2.0,0.0
1021,44.0,60.0,120.0,3.0,0.0
1022,72.0,0.0,60.0,1.0,0.0
1023,68.0,60.0,60.0,1.0,0.0
1024,43.0,0.0,120.0,3.0,0.0
1025,65.0,120.0,60.0,1.0,0.0
1026,61.0,0.0,120.0,1.0,0.0
1027,41.0,60.0,120.0,3.0,0.0
1028,43.0,60.0,60.0,3.0,0.0
1029,63.0,0.0,60.0,1.0,0.0
1030,65.0,0.0,60.0,1.0,0.0
1031,44.0,60.0,60.0,3.0,0.0
1032,46.0,60.0,300.0,2.0,0.0
1033,43.0,60.0,120.0,3.0,0.0
1034,63.0,60.0,60.0,1.0,0.0
1035,61.0,0.0,60.0,1.0,0.0
1036,39.0,0.0,120.0,3.0,0.0
1037,60.0,60.0,60.0,1.0,0.0
1038,61.0,60.0,60.0,1.0,0.0
1039,60.0,60.0,540.0,1.0,0.0
1040,44.0,0.0,240.0,3.0,0.0
1041,44.0,60.0,60.0,2.0,0.0
1042,46.0,60.0,60.0,2.0,0.0
1043,48.0,60.0,60.0,2.0,0.0
1044,49.0,60.0,60.0,2.0,0.0
1045,51.0,60.0,60.0,2.0,0.0
1046,43.0,0.0,120.0,3.0,0.0
1047,53.0,60.0,60.0,2.0,0.0
1048,55.0,60.0,60.0,2.0,0.0
1049,56.0,0.0,780.0,2.0,0.0
1050,41.0,0.0,240.0,3.0,0.0
1051,58.0,60.0,60.0,1.0,0.0
1052,60.0,60.0,60.0,1.0,0.0
1053,61.0,60.0,60.0,1.0,0.0
1054,63.0,60.0,60.0,1.0,0.0
1055,65.0,60.0,60.0,1.0,0.0
1056,39.0,0.0,120.0,3.0,0.0
1057,67.0,60.0,60.0,1.0,0.0
1058,68.0,60.0,60.0,1.0,0.0
1059,37.0,0.0,60.0,3.0,0.0
1060,58.0,60.0,60.0,1.0,0.0
1061,51.0,60.0,60.0,3.0,0.0
1062,60.0,0.0,60.0,1.0,0.0
1063,58.0,60.0,60.0,1.0,0.0
1064,49.0,0.0,60.0,3.0,0.0
1065,48.0,0.0,60.0,3.0,0.0
1066,60.0,60.0,60.0,1.0,0.0
1067,61.0,60.0,300.0,1.0,0.0
1068,46.0,60.0,60.0,3.0,0.0
1069,60.0,0.0,60.0,2.0,0.0
1070,44.0,60.0,60.0,3.0,0.0
1071,58.0,60.0,60.0,2.0,0.0
1072,43.0,0.0,60.0,3.0,0.0
1073,41.0,60.0,60.0,3.0,0.0
1074,56.0,0.0,60.0,2.0,0.0
1075,55.0,0.0,120.0,2.0,0.0
1076,39.0,0.0,120.0,3.0,0.0
1077,65.0,60.0,60.0,1.0,0.0
1078,60.0,0.0,60.0,2.0,0.0
1079,51.0,60.0,120.0,3.0,0.0
1080,63.0,0.0,60.0,1.0,0.0
1081,68.0,60.0,60.0,0.0,0.0
1082,58.0,0.0,60.0,2.0,0.0
1083,67.0,0.0,60.0,0.0,0.0
1084,61.0,0.0,60.0,1.0,0.0
1085,60.0,0.0,120.0,1.0,0.0
1086,68.0,0.0,120.0,0.0,0.0
1087,53.0,0.0,120.0,3.0,0.0
1088,56.0,60.0,60.0,2.0,0.0
1089,55.0,60.0,60.0,2.0,0.0
1090,65.0,0.0,120.0,1.0,0.0
1091,49.0,0.0,120.0,3.0,0.0
1092,70.0,0.0,120.0,0.0,0.0
1093,53.0,60.0,60.0,2.0,0.0
1094,55.0,120.0,60.0,2.0,0.0
1095,63.0,0.0,600.0,1.0,0.0
1096,56.0,0.0,600.0,2.0,0.0
1097,72.0,60.0,120.0,0.0,0.0
1098,44.0,0.0,60.0,3.0,0.0
1099,72.0,60.0,60.0,0.0,0.0
1100,43.0,120.0,60.0,3.0,0.0
1101,70.0,0.0,60.0,0.0,0.0
1102,72.0,120.0,120.0,0.0,0.0
1103,44.0,0.0,120.0,3.0,0.0
1104,73.0,0.0,120.0,0.0,0.0
1105,46.0,60.0,120.0,3.0,0.0
1106,75.0,60.0,60.0,0.0,0.0
1107,73.0,0.0,60.0,0.0,0.0
1108,72.0,0.0,60.0,0.0,0.0
1109,68.0,0.0,120.0,1.0,0.0
1110,51.0,0.0,240.0,2.0,0.0
1111,48.0,60.0,15.0,3.0,0.0
1112,73.0,120.0,60.0,0.0,0.0
1113,46.0,0.0,60.0,3.0,0.0
1114,67.0,0.0,120.0,1.0,0.0
1115,48.0,0.0,120.0,3.0,0.0
1116,75.0,120.0,120.0,0.0,0.0
1117,65.0,60.0,120.0,1.0,0.0
1118,77.0,0.0,120.0,0.0,0.0
1119,58.0,60.0,240.0,2.0,0.0
1120,50.0,0.0,120.0,3.0,0.0
1121,63.0,0.0,120.0,1.0,0.0
1122,51.0,60.0,60.0,3.0,0.0
1123,67.0,0.0,120.0,0.0,0.0
1124,49.0,0.0,60.0,3.0,0.0
1125,48.0,60.0,60.0,3.0,0.0
1126,63.0,0.0,120.0,0.0,0.0
1127,60.0,120.0,120.0,2.0,0.0
1128,49.0,0.0,60.0,3.0,0.0
1129,51.0,0.0,120.0,3.0,0.0
1130,61.0,0.0,120.0,1.0,0.0
1131,58.0,120.0,120.0,2.0,0.0
1132,60.0,0.0,120.0,1.0,0.0
1133,68.0,60.0,120.0,0.0,0.0
1134,56.0,0.0,120.0,2.0,0.0
1135,53.0,0.0,120.0,3.0,0.0
1136,43.0,60.0,120.0,3.0,0.0
1137,58.0,0.0,60.0,1.0,0.0
1138,51.0,0.0,240.0,2.0,0.0
1139,70.0,60.0,60.0,0.0,0.0
1140,63.0,0.0,60.0,1.0,0.0
1141,72.0,0.0,60.0,0.0,0.0
1142,65.0,0.0,60.0,1.0,0.0
1143,39.0,60.0,120.0,3.0,0.0
1144,68.0,60.0,60.0,0.0,0.0
1145,70.0,0.0,60.0,0.0,0.0
1146,67.0,0.0,60.0,1.0,0.0
1147,72.0,60.0,60.0,0.0,0.0
1148,68.0,0.0,480.0,1.0,0.0
1149,73.0,60.0,60.0,0.0,0.0
1150,44.0,60.0,120.0,3.0,0.0
1151,70.0,60.0,60.0,0.0,0.0
1152,72.0,0.0,60.0,0.0,0.0
1153,46.0,60.0,60.0,3.0,0.0
1154,73.0,60.0,120.0,0.0,0.0
1155,48.0,0.0,60.0,3.0,0.0
1156,44.0,60.0,60.0,3.0,0.0
1157,72.0,60.0,120.0,0.0,0.0
1158,46.0,0.0,60.0,3.0,0.0
1159,70.0,0.0,120.0,0.0,0.0
1160,67.0,60.0,120.0,1.0,0.0
1161,48.0,60.0,60.0,3.0,0.0
1162,49.0,0.0,60.0,3.0,0.0
1163,51.0,60.0,120.0,2.0,0.0
1164,75.0,0.0,120.0,0.0,0.0
1165,46.0,60.0,60.0,3.0,0.0
1166,66.0,0.0,120.0,1.0,0.0
1167,48.0,0.0,60.0,3.0,0.0
1168,53.0,0.0,60.0,2.0,0.0
1169,65.0,60.0,120.0,1.0,0.0
1170,49.0,0.0,120.0,3.0,0.0
1171,68.0,60.0,60.0,0.0,0.0
1172,55.0,0.0,60.0,2.0,0.0
1173,67.0,0.0,60.0,0.0,0.0
1174,51.0,60.0,60.0,2.0,0.0
1175,70.0,0.0,60.0,0.0,0.0
1176,48.0,0.0,120.0,3.0,0.0
1177,68.0,0.0,60.0,0.0,0.0
1178,53.0,60.0,60.0,2.0,0.0
1179,55.0,0.0,60.0,2.0,0.0
1180,67.0,60.0,60.0,0.0,0.0
1181,46.0,0.0,120.0,3.0,0.0
1182,65.0,0.0,60.0,0.0,0.0
1183,56.0,60.0,60.0,2.0,0.0
1184,51.0,120.0,120.0,3.0,0.0
1185,63.0,0.0,60.0,0.0,0.0
1186,53.0,60.0,60.0,2.0,0.0
1187,61.0,0.0,60.0,0.0,0.0
1188,55.0,0.0,60.0,2.0,0.0
1189,56.0,0.0,120.0,2.0,0.0
1190,60.0,0.0,120.0,0.0,0.0
1191,44.0,60.0,120.0,3.0,0.0
1192,55.0,60.0,120.0,2.0,0.0
1193,61.0,0.0,60.0,0.0,0.0
1194,46.0,60.0,60.0,3.0,0.0
1195,63.0,0.0,60.0,0.0,0.0
1196,48.0,0.0,60.0,3.0,0.0
1197,49.0,0.0,480.0,3.0,0.0
1198,65.0,60.0,60.0,0.0,0.0
1199,53.0,60.0,120.0,2.0,0.0
1200,67.0,0.0,60.0,0.0,0.0
1201,58.0,0.0,120.0,2.0,0.0
1202,68.0,60.0,60.0,0.0,0.0
1203,58.0,60.0,180.0,1.0,0.0
1204,70.0,60.0,60.0,0.0,0.0
1205,67.0,0.0,120.0,0.0,0.0
1206,51.0,0.0,360.0,2.0,0.0
1207,60.0,60.0,60.0,1.0,0.0
1208,65.0,60.0,60.0,0.0,0.0
1209,56.0,0.0,60.0,1.0,0.0
1210,58.0,60.0,60.0,1.0,0.0
1211,63.0,0.0,60.0,0.0,0.0
1212,60.0,60.0,60.0,1.0,0.0
1213,68.0,60.0,480.0,0.0,0.0
1214,48.0,60.0,120.0,3.0,0.0
1215,61.0,0.0,60.0,1.0,0.0
1216,56.0,0.0,120.0,2.0,0.0
1217,53.0,0.0,120.0,3.0,0.0
1218,58.0,60.0,60.0,1.0,0.0
1219,60.0,60.0,60.0,1.0,0.0
1220,61.0,0.0,120.0,1.0,0.0
1221,58.0,60.0,60.0,2.0,0.0
1222,46.0,60.0,120.0,3.0,0.0
1223,49.0,0.0,60.0,2.0,0.0
1224,60.0,0.0,120.0,1.0,0.0
1225,48.0,0.0,60.0,3.0,0.0
1226,51.0,60.0,60.0,2.0,0.0
1227,53.0,0.0,60.0,2.0,0.0
1228,49.0,0.0,60.0,3.0,0.0
1229,51.0,0.0,120.0,3.0,0.0
1230,58.0,60.0,120.0,1.0,0.0
1231,67.0,0.0,240.0,0.0,0.0
1232,55.0,60.0,60.0,2.0,0.0
1233,56.0,0.0,60.0,2.0,0.0
1234,58.0,60.0,60.0,2.0,0.0
1235,39.0,0.0,120.0,3.0,0.0
1236,63.0,60.0,120.0,1.0,0.0
1237,55.0,0.0,60.0,2.0,0.0
1238,44.0,0.0,240.0,3.0,0.0
1239,51.0,0.0,240.0,2.0,0.0
1240,60.0,60.0,60.0,1.0,0.0
1241,68.0,60.0,120.0,0.0,0.0
1242,61.0,0.0,60.0,1.0,0.0
1243,72.0,0.0,60.0,0.0,0.0
1244,60.0,60.0,60.0,1.0,0.0
1245,73.0,60.0,60.0,0.0,0.0
1246,58.0,0.0,60.0,1.0,0.0
1247,56.0,60.0,60.0,1.0,0.0
1248,72.0,60.0,120.0,0.0,0.0
1249,55.0,0.0,60.0,1.0,0.0
1250,48.0,0.0,120.0,3.0,0.0
1251,70.0,0.0,120.0,0.0,0.0
1252,53.0,60.0,60.0,1.0,0.0
1253,52.0,60.0,60.0,1.0,0.0
1254,68.0,0.0,120.0,0.0,0.0
1255,41.0,60.0,60.0,3.0,0.0
1256,53.0,0.0,120.0,1.0,0.0
1257,54.0,60.0,60.0,3.0,0.0
1258,69.0,0.0,120.0,0.0,0.0
1259,65.0,0.0,60.0,1.0,0.0
1260,53.0,60.0,60.0,3.0,0.0
1261,51.0,0.0,60.0,3.0,0.0
1262,66.0,60.0,60.0,1.0,0.0
1263,70.0,60.0,120.0,0.0,0.0
1264,49.0,60.0,60.0,3.0,0.0
1265,65.0,0.0,120.0,1.0,0.0
1266,48.0,0.0,60.0,3.0,0.0
1267,63.0,0.0,120.0,1.0,0.0
1268,46.0,60.0,60.0,3.0,0.0
1269,72.0,120.0,120.0,0.0,0.0
1270,45.0,0.0,60.0,3.0,0.0
1271,65.0,0.0,120.0,0.0,0.0
1272,46.0,0.0,720.0,3.0,0.0
1273,61.0,60.0,15.0,1.0,0.0
1274,70.0,60.0,60.0,0.0,0.0
1275,53.0,0.0,60.0,2.0,0.0
1276,54.0,120.0,60.0,2.0,0.0
1277,63.0,0.0,60.0,1.0,0.0
1278,72.0,0.0,60.0,0.0,0.0
1279,53.0,0.0,120.0,2.0,0.0
1280,61.0,120.0,120.0,1.0,0.0
1281,70.0,0.0,120.0,0.0,0.0
1282,68.0,0.0,120.0,0.0,0.0
1283,51.0,60.0,120.0,2.0,0.0
1284,60.0,0.0,120.0,1.0,0.0
1285,58.0,0.0,60.0,1.0,0.0
1286,67.0,60.0,60.0,0.0,0.0
1287,68.0,60.0,60.0,0.0,0.0
1288,60.0,0.0,60.0,1.0,0.0
1289,61.0,60.0,60.0,1.0,0.0
1290,49.0,0.0,15.0,2.0,0.0
1291,70.0,0.0,60.0,0.0,0.0
1292,68.0,0.0,60.0,0.0,0.0
1293,51.0,120.0,60.0,2.0,0.0
1294,60.0,0.0,60.0,1.0,0.0
1295,58.0,120.0,120.0,1.0,0.0
1296,67.0,0.0,120.0,0.0,0.0
1297,49.0,0.0,120.0,2.0,0.0
1298,48.0,60.0,120.0,2.0,0.0
1299,56.0,0.0,120.0,1.0,0.0
1300,65.0,0.0,120.0,0.0,0.0
1301,49.0,0.0,480.0,3.0,0.0
1302,63.0,0.0,240.0,0.0,0.0
1303,67.0,0.0,120.0,1.0,0.0
1304,46.0,60.0,60.0,2.0,0.0
1305,48.0,60.0,60.0,2.0,0.0
1306,70.0,0.0,120.0,1.0,0.0
1307,49.0,60.0,60.0,2.0,0.0
1308,48.0,120.0,60.0,2.0,0.0
1309,46.0,120.0,120.0,2.0,0.0
1310,65.0,0.0,120.0,1.0,0.0
1311,44.0,60.0,120.0,2.0,0.0
1312,63.0,60.0,60.0,1.0,0.0
1313,55.0,0.0,120.0,2.0,0.0
1314,61.0,60.0,60.0,1.0,0.0
1315,51.0,0.0,60.0,3.0,0.0
1316,49.0,0.0,60.0,3.0,0.0
1317,58.0,60.0,120.0,2.0,0.0
1318,65.0,60.0,60.0,1.0,0.0
1319,48.0,0.0,60.0,3.0,0.0
1320,63.0,0.0,60.0,1.0,0.0
1321,46.0,0.0,360.0,3.0,0.0
1322,61.0,60.0,60.0,1.0,0.0
1323,60.0,60.0,60.0,1.0,0.0
1324,53.0,0.0,120.0,2.0,0.0
1325,63.0,60.0,60.0,1.0,0.0
1326,61.0,60.0,60.0,1.0,0.0
1327,51.0,60.0,60.0,2.0,0.0
1328,60.0,0.0,120.0,1.0,0.0
1329,49.0,60.0,60.0,2.0,0.0
1330,44.0,0.0,240.0,3.0,0.0
1331,53.0,60.0,60.0,2.0,0.0
1332,61.0,60.0,120.0,1.0,0.0
1333,51.0,0.0,60.0,2.0,0.0
1334,49.0,60.0,60.0,2.0,0.0
1335,63.0,0.0,120.0,1.0,0.0
1336,48.0,60.0,60.0,2.0,0.0
1337,43.0,0.0,120.0,3.0,0.0
1338,58.0,60.0,120.0,1.0,0.0
1339,51.0,60.0,60.0,2.0,0.0
1340,49.0,0.0,60.0,2.0,0.0
1341,48.0,0.0,120.0,2.0,0.0
1342,65.0,60.0,60.0,1.0,0.0
1343,44.0,60.0,120.0,3.0,0.0
1344,67.0,0.0,60.0,1.0,0.0
1345,65.0,60.0,60.0,1.0,0.0
1346,46.0,20.0,120.0,3.0,0.0
1347,49.0,0.0,120.0,2.0,0.0
1348,67.0,0.0,60.0,1.0,0.0
1349,68.0,20.0,20.0,1.0,0.0
1350,51.0,0.0,120.0,2.0,0.0
1351,39.0,60.0,360.0,3.0,0.0
1352,67.0,20.0,20.0,1.0,0.0
1353,68.0,20.0,20.0,1.0,0.0
1354,67.0,20.0,20.0,1.0,0.0
1355,68.0,20.0,20.0,1.0,0.0
1356,67.0,20.0,20.0,1.0,0.0
1357,68.0,40.0,20.0,1.0,0.0
1358,46.0,0.0,120.0,2.0,0.0
1359,67.0,30.0,30.0,1.0,0.0
1360,65.0,30.0,30.0,1.0,0.0
1361,67.0,60.0,30.0,1.0,0.0
1362,53.0,0.0,60.0,2.0,0.0
1363,68.0,60.0,60.0,1.0,0.0
1364,55.0,0.0,60.0,2.0,0.0
1365,70.0,0.0,60.0,1.0,0.0
1366,53.0,20.0,120.0,3.0,0.0
1367,68.0,60.0,60.0,1.0,0.0
1368,70.0,0.0,60.0,1.0,0.0
1369,55.0,0.0,60.0,2.0,0.0
1370,56.0,0.0,20.0,2.0,0.0
1371,72.0,20.0,20.0,1.0,0.0
1372,51.0,0.0,120.0,3.0,0.0
1373,70.0,20.0,20.0,1.0,0.0
1374,55.0,0.0,20.0,2.0,0.0
1375,56.0,0.0,20.0,2.0,0.0
1376,72.0,20.0,20.0,1.0,0.0
1377,55.0,0.0,20.0,2.0,0.0
1378,70.0,20.0,20.0,1.0,0.0
1379,72.0,0.0,20.0,1.0,0.0
1380,56.0,20.0,20.0,2.0,0.0
1381,70.0,0.0,20.0,1.0,0.0
1382,55.0,20.0,20.0,2.0,0.0
1383,56.0,0.0,20.0,2.0,0.0
1384,72.0,40.0,20.0,1.0,0.0
1385,49.0,0.0,120.0,3.0,0.0
1386,55.0,0.0,30.0,2.0,0.0
1387,70.0,30.0,30.0,1.0,0.0
1388,68.0,30.0,30.0,1.0,0.0
1389,53.0,0.0,30.0,2.0,0.0
1390,70.0,60.0,30.0,1.0,0.0
1391,55.0,0.0,30.0,2.0,0.0
1392,72.0,60.0,60.0,1.0,0.0
1393,48.0,0.0,120.0,3.0,0.0
1394,56.0,0.0,600.0,2.0,0.0
1395,70.0,60.0,60.0,1.0,0.0
1396,46.0,60.0,120.0,3.0,0.0
1397,68.0,60.0,60.0,1.0,0.0
1398,67.0,0.0,60.0,1.0,0.0
1399,65.0,60.0,60.0,1.0,0.0
1400,44.0,0.0,120.0,3.0,0.0
1401,63.0,60.0,60.0,1.0,0.0
1402,48.0,0.0,120.0,3.0,0.0
1403,62.0,60.0,60.0,1.0,0.0
1404,60.0,120.0,60.0,1.0,0.0
1405,62.0,60.0,120.0,1.0,0.0
1406,46.0,0.0,15.0,3.0,0.0
1407,50.0,120.0,120.0,2.0,0.0
1408,58.0,0.0,120.0,1.0,0.0
1409,48.0,0.0,60.0,3.0,0.0
1410,46.0,0.0,120.0,3.0,0.0
1411,60.0,120.0,120.0,1.0,0.0
1412,51.0,0.0,120.0,2.0,0.0
1413,53.0,0.0,120.0,2.0,0.0
1414,44.0,120.0,120.0,3.0,0.0
1415,62.0,0.0,120.0,1.0,0.0
1416,55.0,0.0,120.0,2.0,0.0
1417,63.0,0.0,120.0,1.0,0.0
1418,43.0,60.0,120.0,3.0,0.0
1419,70.0,0.0,60.0,0.0,0.0
1420,46.0,120.0,120.0,2.0,0.0
1421,62.0,0.0,120.0,1.0,0.0
1422,43.0,60.0,60.0,3.0,0.0
1423,72.0,0.0,60.0,0.0,0.0
1424,44.0,0.0,60.0,3.0,0.0
1425,70.0,0.0,120.0,0.0,0.0
1426,63.0,0.0,120.0,1.0,0.0
1427,48.0,120.0,120.0,2.0,0.0
1428,43.0,0.0,120.0,3.0,0.0
1429,41.0,0.0,120.0,3.0,0.0
1430,65.0,60.0,120.0,1.0,0.0
1431,68.0,0.0,120.0,0.0,0.0
1432,50.0,0.0,120.0,2.0,0.0
1433,67.0,0.0,120.0,0.0,0.0
1434,39.0,60.0,60.0,3.0,0.0
1435,51.0,0.0,360.0,2.0,0.0
1436,58.0,0.0,360.0,1.0,0.0
1437,41.0,60.0,60.0,3.0,0.0
1438,67.0,0.0,60.0,0.0,0.0
1439,43.0,60.0,60.0,3.0,0.0
1440,68.0,120.0,60.0,0.0,0.0
1441,41.0,0.0,60.0,3.0,0.0
1442,39.0,120.0,120.0,3.0,0.0
1443,67.0,0.0,120.0,0.0,0.0
1444,65.0,0.0,120.0,0.0,0.0
1445,53.0,0.0,120.0,2.0,0.0
1446,59.0,0.0,120.0,1.0,0.0
1447,38.0,60.0,120.0,3.0,0.0
1448,63.0,60.0,60.0,0.0,0.0
1449,60.0,0.0,120.0,1.0,0.0
1450,48.0,0.0,120.0,3.0,0.0
1451,55.0,0.0,600.0,2.0,0.0
1452,65.0,60.0,60.0,0.0,0.0
1453,51.0,0.0,120.0,3.0,0.0
1454,60.0,60.0,60.0,1.0,0.0
1455,67.0,0.0,60.0,0.0,0.0
1456,65.0,120.0,60.0,0.0,0.0
1457,59.0,0.0,60.0,1.0,0.0
1458,60.0,0.0,120.0,1.0,0.0
1459,63.0,120.0,120.0,0.0,0.0
1460,46.0,60.0,120.0,3.0,0.0
1461,62.0,0.0,120.0,0.0,0.0
1462,44.0,60.0,60.0,3.0,0.0
1463,72.0,0.0,120.0,0.0,0.0
1464,43.0,60.0,60.0,3.0,0.0
1465,75.0,0.0,120.0,0.0,0.0
1466,63.0,0.0,120.0,1.0,0.0
1467,46.0,60.0,60.0,3.0,0.0
1468,48.0,0.0,120.0,2.0,0.0
1469,44.0,60.0,60.0,3.0,0.0
1470,65.0,60.0,120.0,1.0,0.0
1471,50.0,0.0,120.0,2.0,0.0
1472,43.0,60.0,60.0,3.0,0.0
1473,41.0,0.0,60.0,3.0,0.0
1474,44.0,60.0,60.0,3.0,0.0
1475,67.0,120.0,120.0,1.0,0.0
1476,51.0,0.0,120.0,2.0,0.0
1477,70.0,0.0,120.0,0.0,0.0
1478,43.0,0.0,60.0,3.0,0.0
1479,41.0,0.0,120.0,3.0,0.0
1480,68.0,60.0,120.0,1.0,0.0
1481,53.0,0.0,120.0,2.0,0.0
1482,67.0,0.0,60.0,0.0,0.0
1483,70.0,60.0,60.0,0.0,0.0
1484,43.0,0.0,120.0,3.0,0.0
1485,46.0,60.0,120.0,2.0,0.0
1486,63.0,0.0,240.0,1.0,0.0
1487,68.0,0.0,60.0,0.0,0.0
1488,44.0,60.0,120.0,3.0,0.0
1489,67.0,60.0,60.0,0.0,0.0
1490,48.0,0.0,120.0,2.0,0.0
1491,65.0,0.0,60.0,0.0,0.0
1492,68.0,0.0,60.0,0.0,0.0
1493,46.0,0.0,60.0,2.0,0.0
1494,39.0,0.0,120.0,3.0,0.0
1495,62.0,60.0,60.0,1.0,0.0
1496,67.0,0.0,60.0,0.0,0.0
1497,63.0,60.0,60.0,1.0,0.0
1498,48.0,0.0,60.0,2.0,0.0
1499,50.0,60.0,60.0,2.0,0.0
1500,46.0,60.0,240.0,3.0,0.0
1501,65.0,0.0,120.0,0.0,0.0
1502,51.0,60.0,60.0,2.0,0.0
1503,67.0,0.0,120.0,0.0,0.0
1504,48.0,60.0,60.0,2.0,0.0
1505,50.0,0.0,60.0,2.0,0.0
1506,68.0,0.0,120.0,0.0,0.0
1507,51.0,60.0,60.0,2.0,0.0
1508,48.0,0.0,240.0,3.0,0.0
1509,53.0,60.0,60.0,2.0,0.0
1510,63.0,0.0,120.0,0.0,0.0
1511,50.0,60.0,60.0,2.0,0.0
1512,51.0,60.0,60.0,2.0,0.0
1513,50.0,0.0,240.0,3.0,0.0
1514,53.0,0.0,120.0,2.0,0.0
1515,70.0,60.0,60.0,0.0,0.0
1516,72.0,60.0,60.0,0.0,0.0
1517,55.0,0.0,60.0,2.0,0.0
1518,70.0,60.0,60.0,0.0,0.0
1519,72.0,0.0,60.0,0.0,0.0
1520,56.0,20.0,60.0,2.0,0.0
1521,73.0,20.0,20.0,0.0,0.0
1522,51.0,0.0,240.0,3.0,0.0
1523,55.0,0.0,60.0,2.0,0.0
1524,72.0,20.0,20.0,0.0,0.0
1525,73.0,20.0,20.0,0.0,0.0
1526,72.0,20.0,20.0,0.0,0.0
1527,56.0,0.0,60.0,2.0,0.0
1528,73.0,20.0,20.0,0.0,0.0
1529,72.0,20.0,20.0,0.0,0.0
1530,53.0,0.0,60.0,2.0,0.0
1531,73.0,40.0,20.0,0.0,0.0
1532,72.0,30.0,30.0,0.0,0.0
1533,55.0,120.0,60.0,2.0,0.0
1534,70.0,30.0,30.0,0.0,0.0
1535,72.0,0.0,30.0,0.0,0.0
1536,73.0,60.0,600.0,0.0,0.0
1537,56.0,0.0,120.0,2.0,0.0
1538,53.0,0.0,240.0,3.0,0.0
1539,72.0,60.0,60.0,1.0,0.0
1540,58.0,60.0,60.0,2.0,0.0
1541,70.0,0.0,60.0,1.0,0.0
1542,68.0,0.0,60.0,1.0,0.0
1543,60.0,60.0,60.0,2.0,0.0
1544,67.0,60.0,60.0,1.0,0.0
1545,55.0,0.0,120.0,3.0,0.0
1546,58.0,60.0,120.0,2.0,0.0
1547,65.0,0.0,60.0,1.0,0.0
1548,56.0,0.0,120.0,2.0,0.0
1549,64.0,60.0,60.0,1.0,0.0
1550,53.0,0.0,120.0,3.0,0.0
1551,65.0,120.0,60.0,1.0,0.0
1552,55.0,0.0,120.0,2.0,0.0
1553,67.0,0.0,600.0,1.0,0.0
1554,52.0,0.0,120.0,3.0,0.0
1555,48.0,120.0,120.0,3.0,0.0
1556,52.0,0.0,120.0,2.0,0.0
1557,72.0,60.0,60.0,0.0,0.0
1558,73.0,0.0,60.0,0.0,0.0
1559,53.0,0.0,120.0,2.0,0.0
1560,72.0,0.0,120.0,0.0,0.0
1561,50.0,120.0,120.0,3.0,0.0
1562,70.0,120.0,120.0,0.0,0.0
1563,55.0,0.0,120.0,2.0,0.0
1564,52.0,0.0,120.0,3.0,0.0
1565,53.0,60.0,120.0,3.0,0.0
1566,56.0,0.0,120.0,2.0,0.0
1567,44.0,0.0,120.0,3.0,0.0
1568,48.0,0.0,120.0,2.0,0.0
1569,60.0,0.0,60.0,1.0,0.0
1570,68.0,0.0,15.0,0.0,0.0
1571,70.0,120.0,60.0,0.0,0.0
1572,61.0,0.0,60.0,1.0,0.0
1573,50.0,0.0,120.0,2.0,0.0
1574,60.0,120.0,120.0,1.0,0.0
1575,68.0,0.0,120.0,0.0,0.0
1576,46.0,0.0,120.0,3.0,0.0
1577,52.0,0.0,120.0,2.0,0.0
1578,67.0,60.0,120.0,0.0,0.0
1579,58.0,0.0,120.0,1.0,0.0
1580,48.0,0.0,120.0,3.0,0.0
1581,53.0,120.0,240.0,2.0,0.0
1582,49.0,0.0,240.0,3.0,0.0
1583,65.0,60.0,60.0,0.0,0.0
1584,67.0,60.0,60.0,0.0,0.0
1585,56.0,0.0,15.0,1.0,0.0
1586,68.0,0.0,60.0,0.0,0.0
1587,67.0,0.0,60.0,0.0,0.0
1588,58.0,0.0,60.0,1.0,0.0
1589,56.0,120.0,120.0,1.0,0.0
1590,65.0,0.0,120.0,0.0,0.0
1591,54.0,0.0,120.0,1.0,0.0
1592,63.0,0.0,120.0,0.0,0.0
1593,48.0,0.0,120.0,2.0,0.0
1594,45.0,60.0,120.0,3.0,0.0
1595,53.0,60.0,60.0,1.0,0.0
1596,46.0,0.0,120.0,3.0,0.0
1597,49.0,60.0,120.0,2.0,0.0
1598,73.0,0.0,120.0,0.0,0.0
1599,55.0,0.0,60.0,1.0,0.0
1600,51.0,0.0,120.0,2.0,0.0
1601,77.0,0.0,120.0,0.0,0.0
1602,57.0,60.0,60.0,1.0,0.0
1603,48.0,0.0,120.0,3.0,0.0
1604,55.0,120.0,60.0,1.0,0.0
1605,53.0,120.0,120.0,2.0,0.0
1606,53.0,0.0,120.0,1.0,0.0
1607,49.0,0.0,120.0,3.0,0.0
1608,51.0,0.0,120.0,1.0,0.0
1609,72.0,0.0,120.0,0.0,0.0
1610,45.0,0.0,120.0,3.0,0.0
1611,54.0,60.0,120.0,2.0,0.0
1612,70.0,60.0,60.0,0.0,0.0
1613,53.0,0.0,120.0,2.0,0.0
1614,46.0,60.0,240.0,3.0,0.0
1615,62.0,0.0,120.0,1.0,0.0
1616,68.0,60.0,60.0,0.0,0.0
1617,52.0,60.0,60.0,2.0,0.0
1618,67.0,0.0,120.0,1.0,0.0
1619,72.0,0.0,60.0,0.0,0.0
1620,70.0,0.0,60.0,0.0,0.0
1621,50.0,0.0,60.0,2.0,0.0
1622,41.0,0.0,360.0,3.0,0.0
1623,48.0,60.0,120.0,2.0,0.0
1624,68.0,60.0,60.0,0.0,0.0
1625,67.0,0.0,60.0,0.0,0.0
1626,70.0,60.0,60.0,0.0,0.0
1627,60.0,60.0,120.0,1.0,0.0
1628,53.0,0.0,120.0,2.0,0.0
1629,68.0,0.0,60.0,0.0,0.0
1630,67.0,60.0,360.0,0.0,0.0
1631,58.0,60.0,60.0,1.0,0.0
1632,49.0,60.0,120.0,2.0,0.0
1633,56.0,0.0,60.0,1.0,0.0
1634,40.0,0.0,120.0,3.0,0.0
1635,60.0,60.0,60.0,1.0,0.0
1636,48.0,0.0,240.0,2.0,0.0
1637,58.0,60.0,60.0,1.0,0.0
1638,41.0,0.0,240.0,3.0,0.0
1639,56.0,60.0,60.0,1.0,0.0
1640,55.0,0.0,60.0,1.0,0.0
1641,65.0,60.0,180.0,0.0,0.0
1642,49.0,60.0,60.0,2.0,0.0
1643,58.0,0.0,60.0,1.0,0.0
1644,56.0,0.0,60.0,1.0,0.0
1645,47.0,60.0,60.0,2.0,0.0
1646,55.0,0.0,120.0,1.0,0.0
1647,36.0,0.0,1560.0,3.0,0.0
1648,48.0,0.0,1560.0,2.0,0.0
1649,67.0,60.0,60.0,0.0,0.0
1650,56.0,60.0,120.0,1.0,0.0
1651,64.0,60.0,60.0,0.0,0.0
1652,65.0,0.0,60.0,0.0,0.0
1653,58.0,60.0,60.0,1.0,0.0
1654,67.0,60.0,300.0,0.0,0.0
1655,56.0,60.0,60.0,1.0,0.0
1656,60.0,60.0,60.0,1.0,0.0
1657,58.0,60.0,60.0,1.0,0.0
1658,56.0,0.0,120.0,1.0,0.0
1659,68.0,60.0,60.0,0.0,0.0
1660,58.0,60.0,120.0,1.0,0.0
1661,65.0,60.0,60.0,0.0,0.0
1662,67.0,0.0,60.0,0.0,0.0
1663,68.0,60.0,300.0,0.0,0.0
1664,60.0,60.0,60.0,1.0,0.0
1665,58.0,60.0,60.0,1.0,0.0
1666,61.0,60.0,60.0,1.0,0.0
1667,60.0,60.0,60.0,1.0,0.0
1668,58.0,0.0,120.0,1.0,0.0
1669,70.0,60.0,60.0,0.0,0.0
1670,67.0,60.0,60.0,0.0,0.0
1671,60.0,0.0,120.0,1.0,0.0
1672,68.0,60.0,60.0,0.0,0.0
1673,61.0,0.0,360.0,1.0,0.0
1674,70.0,60.0,60.0,0.0,0.0
1675,68.0,60.0,60.0,0.0,0.0
1676,67.0,60.0,60.0,0.0,0.0
1677,65.0,60.0,60.0,0.0,0.0
1678,64.0,60.0,60.0,0.0,0.0
1679,67.0,60.0,60.0,0.0,0.0
1680,48.0,0.0,60.0,3.0,0.0
1681,68.0,60.0,60.0,0.0,0.0
1682,60.0,60.0,120.0,1.0,0.0
1683,70.0,0.0,60.0,0.0,0.0
1684,49.0,0.0,60.0,3.0,0.0
1685,72.0,60.0,60.0,0.0,0.0
1686,48.0,0.0,120.0,3.0,0.0
1687,73.0,120.0,60.0,0.0,0.0
1688,46.0,60.0,120.0,3.0,0.0
1689,75.0,60.0,180.0,0.0,0.0
1690,66.0,0.0,60.0,1.0,0.0
1691,65.0,60.0,300.0,1.0,0.0
1692,45.0,0.0,120.0,3.0,0.0
1693,77.0,60.0,60.0,0.0,0.0
1694,45.0,0.0,60.0,3.0,0.0
1695,75.0,60.0,60.0,0.0,0.0
1696,48.0,0.0,60.0,2.0,0.0
1697,46.0,60.0,60.0,3.0,0.0
1698,49.0,0.0,60.0,2.0,0.0
1699,73.0,0.0,60.0,0.0,0.0
1700,75.0,0.0,300.0,0.0,0.0
1701,48.0,0.0,120.0,2.0,0.0
1702,45.0,60.0,120.0,3.0,0.0
1703,69.0,0.0,60.0,1.0,0.0
1704,46.0,0.0,120.0,2.0,0.0
1705,72.0,60.0,60.0,1.0,0.0
1706,43.0,60.0,120.0,3.0,0.0
1707,70.0,0.0,60.0,1.0,0.0
1708,72.0,60.0,300.0,1.0,0.0
1709,45.0,0.0,120.0,2.0,0.0
1710,41.0,60.0,60.0,3.0,0.0
1711,43.0,60.0,60.0,3.0,0.0
1712,73.0,0.0,60.0,0.0,0.0
1713,45.0,0.0,60.0,3.0,0.0
1714,72.0,60.0,60.0,0.0,0.0
1715,43.0,60.0,60.0,3.0,0.0
1716,46.0,0.0,60.0,2.0,0.0
1717,73.0,0.0,60.0,0.0,0.0
1718,75.0,60.0,300.0,0.0,0.0
1719,41.0,60.0,120.0,3.0,0.0
1720,45.0,0.0,120.0,2.0,0.0
1721,65.0,0.0,60.0,1.0,0.0
1722,69.0,60.0,60.0,1.0,0.0
1723,42.0,0.0,120.0,2.0,0.0
1724,39.0,60.0,120.0,3.0,0.0
1725,70.0,0.0,60.0,1.0,0.0
1726,37.0,0.0,240.0,3.0,0.0
1727,41.0,60.0,240.0,2.0,0.0
1728,72.0,0.0,60.0,1.0,0.0
1729,78.0,0.0,60.0,0.0,0.0
1730,69.0,60.0,60.0,1.0,0.0
1731,70.0,0.0,120.0,1.0,0.0
1732,77.0,60.0,60.0,0.0,0.0
1733,75.0,0.0,60.0,0.0,0.0
1734,73.0,60.0,60.0,0.0,0.0
1735,72.0,60.0,60.0,0.0,0.0
1736,65.0,60.0,60.0,1.0,0.0
1737,61.0,0.0,60.0,2.0,0.0
1738,70.0,0.0,60.0,0.0,0.0
1739,49.0,0.0,120.0,3.0,0.0
1740,60.0,0.0,60.0,2.0,0.0
1741,69.0,0.0,60.0,0.0,0.0
1742,63.0,60.0,60.0,1.0,0.0
1743,61.0,0.0,120.0,1.0,0.0
1744,58.0,0.0,360.0,2.0,0.0
1745,54.0,0.0,120.0,3.0,0.0
1746,70.0,60.0,60.0,0.0,0.0
1747,72.0,60.0,60.0,0.0,0.0
1748,66.0,20.0,120.0,1.0,0.0
1749,51.0,0.0,120.0,3.0,0.0
1750,70.0,60.0,60.0,0.0,0.0
1751,72.0,0.0,60.0,0.0,0.0
1752,65.0,20.0,120.0,1.0,0.0
1753,73.0,20.0,20.0,0.0,0.0
1754,53.0,0.0,240.0,3.0,0.0
1755,72.0,20.0,20.0,0.0,0.0
1756,73.0,20.0,20.0,0.0,0.0
1757,72.0,20.0,20.0,0.0,0.0
1758,73.0,20.0,20.0,0.0,0.0
1759,72.0,0.0,20.0,0.0,0.0
1760,63.0,0.0,240.0,1.0,0.0
1761,73.0,40.0,20.0,0.0,0.0
1762,57.0,0.0,120.0,2.0,0.0
1763,72.0,60.0,30.0,0.0,0.0
1764,70.0,120.0,60.0,0.0,0.0
1765,58.0,60.0,120.0,2.0,0.0
1766,46.0,0.0,120.0,3.0,0.0
1767,70.0,0.0,720.0,0.0,0.0
1768,46.0,60.0,60.0,3.0,0.0
1769,61.0,0.0,60.0,1.0,0.0
1770,53.0,60.0,120.0,2.0,0.0
1771,60.0,0.0,60.0,1.0,0.0
1772,45.0,0.0,60.0,3.0,0.0
1773,46.0,60.0,120.0,3.0,0.0
1774,61.0,60.0,60.0,1.0,0.0
1775,63.0,0.0,60.0,1.0,0.0
1776,48.0,120.0,120.0,3.0,0.0
1777,65.0,60.0,60.0,1.0,0.0
1778,61.0,0.0,60.0,1.0,0.0
1779,58.0,0.0,240.0,1.0,0.0
1780,49.0,60.0,120.0,3.0,0.0
1781,49.0,0.0,60.0,3.0,0.0
1782,53.0,60.0,60.0,2.0,0.0
1783,48.0,120.0,60.0,3.0,0.0
1784,52.0,0.0,60.0,2.0,0.0
1785,53.0,0.0,120.0,2.0,0.0
1786,50.0,120.0,120.0,3.0,0.0
1787,55.0,0.0,120.0,2.0,0.0
1788,52.0,60.0,120.0,3.0,0.0
1789,53.0,60.0,60.0,3.0,0.0
1790,56.0,0.0,120.0,2.0,0.0
1791,52.0,60.0,60.0,3.0,0.0
1792,56.0,0.0,60.0,2.0,0.0
1793,50.0,60.0,60.0,3.0,0.0
1794,52.0,0.0,60.0,3.0,0.0
1795,55.0,120.0,60.0,2.0,0.0
1796,53.0,0.0,120.0,3.0,0.0
1797,56.0,120.0,120.0,2.0,0.0
1798,55.0,0.0,120.0,3.0,0.0
1799,58.0,60.0,120.0,2.0,0.0
1800,60.0,60.0,60.0,2.0,0.0
1801,44.0,60.0,120.0,3.0,0.0
1802,58.0,0.0,60.0,2.0,0.0
1803,41.0,120.0,120.0,3.0,0.0
1804,56.0,60.0,60.0,2.0,0.0
1805,58.0,0.0,60.0,2.0,0.0
1806,60.0,120.0,120.0,2.0,0.0
1807,61.0,60.0,120.0,2.0,0.0
1808,46.0,0.0,120.0,3.0,0.0
1809,48.0,60.0,60.0,3.0,0.0
1810,52.0,60.0,120.0,2.0,0.0
1811,49.0,0.0,60.0,3.0,0.0
1812,46.0,60.0,60.0,3.0,0.0
1813,48.0,0.0,120.0,2.0,0.0
1814,48.0,60.0,60.0,3.0,0.0
1815,49.0,60.0,60.0,3.0,0.0
1816,51.0,60.0,60.0,3.0,0.0
1817,48.0,60.0,60.0,3.0,0.0
1818,53.0,60.0,120.0,2.0,0.0
1819,50.0,0.0,60.0,3.0,0.0
1820,55.0,60.0,60.0,2.0,0.0
1821,51.0,0.0,120.0,3.0,0.0
1822,56.0,60.0,60.0,2.0,0.0
1823,49.0,0.0,120.0,3.0,0.0
1824,53.0,60.0,60.0,2.0,0.0
1825,55.0,60.0,60.0,2.0,0.0
1826,56.0,60.0,60.0,2.0,0.0
1827,48.0,0.0,120.0,3.0,0.0
1828,58.0,60.0,60.0,2.0,0.0
1829,53.0,120.0,120.0,3.0,0.0
1830,55.0,60.0,60.0,2.0,0.0
1831,57.0,0.0,60.0,2.0,0.0
1832,46.0,0.0,120.0,3.0,0.0
1833,58.0,60.0,120.0,2.0,0.0
1834,56.0,0.0,120.0,2.0,0.0
1835,53.0,60.0,180.0,3.0,0.0
1836,72.0,60.0,60.0,0.0,0.0
1837,73.0,60.0,60.0,0.0,0.0
1838,72.0,60.0,120.0,0.0,0.0
1839,55.0,0.0,120.0,2.0,0.0
1840,52.0,0.0,60.0,3.0,0.0
1841,53.0,60.0,60.0,3.0,0.0
1842,60.0,0.0,120.0,2.0,0.0
1843,70.0,120.0,120.0,0.0,0.0
1844,52.0,0.0,60.0,3.0,0.0
1845,53.0,60.0,300.0,3.0,0.0
1846,68.0,60.0,15.0,0.0,0.0
1847,65.0,60.0,60.0,1.0,0.0
1848,70.0,0.0,60.0,0.0,0.0
1849,67.0,60.0,60.0,1.0,0.0
1850,65.0,0.0,120.0,1.0,0.0
1851,68.0,60.0,120.0,0.0,0.0
1852,51.0,0.0,60.0,3.0,0.0
1853,49.0,60.0,60.0,3.0,0.0
1854,66.0,60.0,120.0,0.0,0.0
1855,63.0,0.0,120.0,1.0,0.0
1856,48.0,0.0,60.0,3.0,0.0
1857,49.0,60.0,300.0,3.0,0.0
1858,65.0,60.0,60.0,0.0,0.0
1859,66.0,0.0,60.0,0.0,0.0
1860,61.0,60.0,15.0,1.0,0.0
1861,53.0,60.0,60.0,2.0,0.0
1862,68.0,0.0,60.0,0.0,0.0
1863,63.0,0.0,60.0,1.0,0.0
1864,66.0,0.0,60.0,0.0,0.0
1865,54.0,60.0,60.0,2.0,0.0
1866,65.0,0.0,120.0,0.0,0.0
1867,56.0,60.0,120.0,2.0,0.0
1868,61.0,0.0,120.0,1.0,0.0
1869,48.0,0.0,60.0,3.0,0.0
1870,63.0,60.0,120.0,0.0,0.0
1871,60.0,0.0,120.0,1.0,0.0
1872,54.0,0.0,120.0,2.0,0.0
1873,46.0,60.0,60.0,3.0,0.0
1874,45.0,0.0,60.0,3.0,0.0
1875,46.0,0.0,120.0,3.0,0.0
1876,58.0,60.0,60.0,1.0,0.0
1877,73.0,0.0,120.0,0.0,0.0
1878,53.0,60.0,120.0,2.0,0.0
1879,60.0,0.0,60.0,1.0,0.0
1880,77.0,0.0,120.0,0.0,0.0
1881,61.0,0.0,60.0,1.0,0.0
1882,58.0,60.0,60.0,2.0,0.0
1883,60.0,60.0,60.0,1.0,0.0
1884,60.0,0.0,60.0,2.0,0.0
1885,61.0,60.0,60.0,2.0,0.0
1886,58.0,120.0,120.0,1.0,0.0
1887,63.0,0.0,60.0,2.0,0.0
1888,65.0,60.0,240.0,2.0,0.0
1889,57.0,0.0,120.0,1.0,0.0
1890,72.0,60.0,120.0,0.0,0.0
1891,66.0,0.0,120.0,1.0,0.0
1892,70.0,60.0,60.0,0.0,0.0
1893,69.0,0.0,60.0,0.0,0.0
1894,72.0,60.0,60.0,0.0,0.0
1895,70.0,0.0,120.0,1.0,0.0
1896,63.0,0.0,240.0,2.0,0.0
1897,70.0,60.0,60.0,0.0,0.0
1898,69.0,60.0,60.0,0.0,0.0
1899,67.0,60.0,60.0,0.0,0.0
1900,70.0,60.0,60.0,0.0,0.0
1901,65.0,60.0,120.0,1.0,0.0
1902,61.0,0.0,240.0,2.0,0.0
1903,68.0,0.0,60.0,0.0,0.0
1904,67.0,0.0,120.0,0.0,0.0
1905,63.0,60.0,60.0,1.0,0.0
1906,61.0,60.0,60.0,1.0,0.0
1907,60.0,0.0,120.0,2.0,0.0
1908,65.0,60.0,60.0,1.0,0.0
1909,69.0,60.0,120.0,0.0,0.0
1910,63.0,0.0,60.0,1.0,0.0
1911,58.0,60.0,300.0,2.0,0.0
1912,70.0,60.0,120.0,0.0,0.0
1913,61.0,60.0,60.0,1.0,0.0
1914,60.0,0.0,60.0,1.0,0.0
1915,63.0,60.0,60.0,1.0,0.0
1916,65.0,0.0,120.0,0.0,0.0
1917,61.0,60.0,60.0,1.0,0.0
1918,72.0,60.0,540.0,0.0,0.0
1919,60.0,60.0,120.0,1.0,0.0
1920,57.0,0.0,60.0,2.0,0.0
1921,60.0,60.0,60.0,2.0,0.0
1922,61.0,60.0,120.0,1.0,0.0
1923,58.0,0.0,60.0,2.0,0.0
1924,57.0,60.0,60.0,2.0,0.0
1925,63.0,0.0,240.0,1.0,0.0
1926,55.0,60.0,60.0,2.0,0.0
1927,58.0,60.0,60.0,2.0,0.0
1928,57.0,60.0,60.0,2.0,0.0
1929,61.0,0.0,240.0,1.0,0.0
1930,58.0,60.0,300.0,2.0,0.0
1931,69.0,60.0,60.0,0.0,0.0
1932,70.0,60.0,60.0,0.0,0.0
1933,73.0,60.0,60.0,0.0,0.0
1934,75.0,60.0,300.0,0.0,0.0
1935,60.0,0.0,120.0,1.0,0.0
1936,55.0,60.0,60.0,2.0,0.0
1937,57.0,60.0,60.0,2.0,0.0
1938,65.0,0.0,180.0,1.0,0.0
1939,60.0,60.0,60.0,2.0,0.0
1940,61.0,60.0,300.0,2.0,0.0
1941,69.0,60.0,60.0,1.0,0.0
1942,72.0,0.0,60.0,0.0,0.0
1943,73.0,60.0,60.0,0.0,0.0
1944,70.0,60.0,120.0,1.0,0.0
1945,77.0,0.0,60.0,0.0,0.0
1946,78.0,60.0,300.0,0.0,0.0
1947,63.0,0.0,120.0,1.0,0.0
1948,58.0,60.0,60.0,2.0,0.0
1949,60.0,60.0,60.0,2.0,0.0
1950,68.0,0.0,180.0,1.0,0.0
1951,63.0,60.0,60.0,2.0,0.0
1952,65.0,60.0,300.0,2.0,0.0
1953,72.0,0.0,60.0,1.0,0.0
1954,75.0,60.0,60.0,0.0,0.0
1955,73.0,0.0,120.0,1.0,0.0
1956,77.0,60.0,60.0,0.0,0.0
1957,80.0,60.0,60.0,0.0,0.0
1958,70.0,0.0,120.0,0.0,0.0
1959,66.0,60.0,300.0,1.0,0.0
1960,61.0,60.0,60.0,2.0,0.0
1961,72.0,60.0,60.0,0.0,0.0
1962,63.0,0.0,60.0,2.0,0.0
1963,66.0,0.0,60.0,2.0,0.0
1964,75.0,60.0,60.0,0.0,0.0
1965,60.0,60.0,120.0,2.0,0.0
1966,68.0,60.0,300.0,0.0,0.0
1967,63.0,0.0,60.0,1.0,0.0
1968,65.0,60.0,60.0,1.0,0.0
1969,61.0,0.0,120.0,2.0,0.0
1970,68.0,60.0,60.0,1.0,0.0
1971,54.0,0.0,240.0,2.0,0.0
1972,58.0,60.0,240.0,1.0,0.0
1973,61.0,60.0,60.0,0.0,0.0
1974,63.0,60.0,60.0,0.0,0.0
1975,66.0,60.0,120.0,0.0,0.0
1976,60.0,0.0,120.0,1.0,0.0
1977,56.0,60.0,600.0,2.0,0.0
1978,66.0,60.0,60.0,0.0,0.0
1979,44.0,0.0,60.0,3.0,0.0
1980,61.0,60.0,240.0,1.0,0.0
1981,65.0,60.0,60.0,0.0,0.0
1982,63.0,0.0,60.0,0.0,0.0
1983,46.0,120.0,60.0,3.0,0.0
1984,44.0,0.0,120.0,3.0,0.0
1985,63.0,50.0,180.0,0.0,0.0
1986,42.0,0.0,120.0,3.0,0.0
1987,60.0,120.0,120.0,1.0,0.0
1988,61.0,10.0,60.0,0.0,0.0
1989,41.0,0.0,120.0,3.0,0.0
1990,61.0,0.0,240.0,0.0,0.0
1991,41.0,0.0,60.0,3.0,0.0
1992,44.0,120.0,120.0,2.0,0.0
1993,68.0,60.0,60.0,1.0,0.0
1994,42.0,0.0,60.0,3.0,0.0
1995,70.0,0.0,60.0,1.0,0.0
1996,68.0,60.0,1320.0,0.0,0.0
1997,41.0,120.0,120.0,3.0,0.0
1998,46.0,0.0,120.0,2.0,0.0
1999,66.0,0.0,120.0,1.0,0.0
2000,48.0,60.0,120.0,2.0,0.0
2001,39.0,0.0,120.0,3.0,0.0
2002,37.0,60.0,60.0,3.0,0.0
2003,49.0,60.0,120.0,2.0,0.0
2004,65.0,0.0,120.0,1.0,0.0
2005,39.0,0.0,60.0,3.0,0.0
2006,65.0,60.0,60.0,1.0,0.0
2007,41.0,0.0,60.0,3.0,0.0
2008,48.0,0.0,120.0,2.0,0.0
2009,66.0,0.0,60.0,1.0,0.0
2010,39.0,120.0,60.0,3.0,0.0
2011,65.0,0.0,120.0,1.0,0.0
2012,37.0,120.0,120.0,3.0,0.0
2013,49.0,0.0,120.0,2.0,0.0
2014,35.0,60.0,120.0,3.0,0.0
2015,51.0,0.0,120.0,2.0,0.0
2016,63.0,0.0,120.0,1.0,0.0
2017,46.0,0.0,120.0,3.0,0.0
2018,53.0,60.0,60.0,2.0,0.0
2019,62.0,0.0,60.0,1.0,0.0
2020,63.0,60.0,60.0,1.0,0.0
2021,51.0,0.0,60.0,2.0,0.0
2022,65.0,60.0,60.0,1.0,0.0
2023,50.0,0.0,120.0,3.0,0.0
2024,51.0,60.0,60.0,2.0,0.0
2025,63.0,0.0,60.0,1.0,0.0
2026,62.0,120.0,120.0,1.0,0.0
2027,53.0,60.0,60.0,2.0,0.0
2028,54.0,0.0,60.0,2.0,0.0
2029,59.0,60.0,120.0,1.0,0.0
2030,56.0,0.0,120.0,2.0,0.0
2031,44.0,0.0,120.0,3.0,0.0
2032,68.0,0.0,120.0,1.0,0.0
2033,50.0,0.0,120.0,2.0,0.0
2034,42.0,60.0,60.0,3.0,0.0
2035,41.0,0.0,60.0,3.0,0.0
2036,65.0,60.0,120.0,0.0,0.0
2037,53.0,0.0,120.0,2.0,0.0
2038,44.0,60.0,60.0,3.0,0.0
2039,65.0,0.0,120.0,1.0,0.0
2040,42.0,0.0,60.0,3.0,0.0
2041,51.0,0.0,120.0,2.0,0.0
2042,41.0,60.0,60.0,3.0,0.0
2043,71.0,0.0,360.0,0.0,0.0
2044,39.0,60.0,60.0,3.0,0.0
2045,42.0,60.0,60.0,3.0,0.0
2046,68.0,0.0,120.0,1.0,0.0
2047,50.0,60.0,120.0,2.0,0.0
2048,41.0,0.0,60.0,3.0,0.0
2049,51.0,60.0,120.0,2.0,0.0
2050,39.0,60.0,360.0,3.0,0.0
2051,66.0,60.0,60.0,1.0,0.0
2052,65.0,0.0,60.0,1.0,0.0
2053,70.0,60.0,120.0,0.0,0.0
2054,68.0,60.0,60.0,1.0,0.0
2055,49.0,0.0,120.0,2.0,0.0
2056,66.0,0.0,60.0,1.0,0.0
2057,47.0,0.0,120.0,2.0,0.0
2058,68.0,0.0,60.0,0.0,0.0
2059,65.0,60.0,60.0,1.0,0.0
2060,63.0,0.0,60.0,1.0,0.0
2061,66.0,0.0,60.0,0.0,0.0
2062,46.0,0.0,240.0,2.0,0.0
2063,70.0,60.0,60.0,0.0,0.0
2064,66.0,0.0,60.0,1.0,0.0
2065,38.0,60.0,120.0,3.0,0.0
2066,68.0,0.0,60.0,0.0,0.0
2067,65.0,0.0,60.0,1.0,0.0
2068,66.0,60.0,60.0,0.0,0.0
2069,39.0,60.0,1560.0,3.0,0.0
2070,63.0,60.0,120.0,1.0,0.0
2071,68.0,0.0,60.0,0.0,0.0
2072,70.0,0.0,60.0,0.0,0.0
2073,51.0,60.0,60.0,2.0,0.0
2074,68.0,0.0,60.0,0.0,0.0
2075,53.0,60.0,60.0,2.0,0.0
2076,51.0,60.0,120.0,2.0,0.0
2077,66.0,60.0,60.0,0.0,0.0
2078,65.0,0.0,60.0,0.0,0.0
2079,63.0,60.0,60.0,0.0,0.0
2080,49.0,60.0,120.0,2.0,0.0
2081,61.0,0.0,60.0,0.0,0.0
2082,63.0,60.0,60.0,0.0,0.0
2083,65.0,0.0,60.0,0.0,0.0
2084,66.0,60.0,60.0,0.0,0.0
2085,48.0,60.0,15.0,2.0,0.0
2086,65.0,60.0,60.0,0.0,0.0
2087,49.0,0.0,60.0,2.0,0.0
2088,48.0,60.0,120.0,2.0,0.0
2089,63.0,60.0,60.0,0.0,0.0
2090,61.0,0.0,60.0,0.0,0.0
2091,46.0,60.0,120.0,2.0,0.0
2092,60.0,60.0,60.0,0.0,0.0
2093,58.0,0.0,60.0,0.0,0.0
2094,72.0,120.0,480.0,0.0,0.0
2095,45.0,60.0,60.0,2.0,0.0
2096,46.0,60.0,60.0,2.0,0.0
2097,65.0,60.0,60.0,1.0,0.0
2098,48.0,0.0,60.0,2.0,0.0
2099,46.0,0.0,60.0,2.0,0.0
2100,63.0,120.0,60.0,1.0,0.0
2101,45.0,120.0,120.0,2.0,0.0
2102,65.0,0.0,120.0,1.0,0.0
2103,67.0,0.0,120.0,1.0,0.0
2104,43.0,0.0,120.0,2.0,0.0
2105,53.0,0.0,120.0,2.0,0.0
2106,72.0,0.0,60.0,0.0,0.0
2107,69.0,0.0,15.0,1.0,0.0
2108,48.0,0.0,60.0,3.0,0.0
2109,57.0,0.0,120.0,2.0,0.0
2110,49.0,0.0,60.0,3.0,0.0
2111,67.0,0.0,60.0,1.0,0.0
2112,70.0,60.0,60.0,0.0,0.0
2113,69.0,60.0,120.0,1.0,0.0
2114,72.0,0.0,120.0,0.0,0.0
2115,51.0,60.0,60.0,3.0,0.0
2116,49.0,0.0,60.0,3.0,0.0
2117,65.0,0.0,120.0,2.0,0.0
2118,73.0,0.0,120.0,0.0,0.0
2119,48.0,60.0,60.0,3.0,0.0
2120,70.0,0.0,120.0,1.0,0.0
2121,46.0,60.0,60.0,3.0,0.0
2122,45.0,0.0,120.0,3.0,0.0
2123,72.0,60.0,60.0,1.0,0.0
2124,66.0,0.0,180.0,2.0,0.0
2125,75.0,0.0,120.0,0.0,0.0
2126,70.0,60.0,60.0,1.0,0.0
2127,75.0,0.0,60.0,0.0,0.0
2128,69.0,60.0,60.0,1.0,0.0
2129,65.0,0.0,60.0,2.0,0.0
2130,73.0,0.0,60.0,0.0,0.0
2131,70.0,60.0,60.0,1.0,0.0
2132,72.0,0.0,120.0,1.0,0.0
2133,75.0,0.0,120.0,0.0,0.0
2134,63.0,60.0,60.0,2.0,0.0
2135,61.0,60.0,60.0,2.0,0.0
2136,73.0,0.0,120.0,1.0,0.0
2137,60.0,60.0,60.0,2.0,0.0
2138,77.0,0.0,120.0,0.0,0.0
2139,58.0,60.0,60.0,2.0,0.0
2140,57.0,0.0,240.0,2.0,0.0
2141,78.0,60.0,60.0,0.0,0.0
2142,63.0,60.0,120.0,1.0,0.0
2143,77.0,0.0,60.0,0.0,0.0
2144,75.0,60.0,60.0,0.0,0.0
2145,60.0,60.0,120.0,1.0,0.0
2146,60.0,0.0,120.0,3.0,0.0
2147,77.0,0.0,60.0,0.0,0.0
2148,57.0,60.0,120.0,3.0,0.0
2149,78.0,60.0,60.0,0.0,0.0
2150,75.0,0.0,60.0,0.0,0.0
2151,65.0,0.0,120.0,1.0,0.0
2152,53.0,0.0,120.0,3.0,0.0
2153,57.0,0.0,120.0,2.0,0.0
2154,77.0,60.0,60.0,0.0,0.0
2155,72.0,60.0,60.0,0.0,0.0
2156,58.0,120.0,120.0,2.0,0.0
2157,65.0,0.0,120.0,1.0,0.0
2158,46.0,0.0,120.0,3.0,0.0
2159,73.0,60.0,60.0,0.0,0.0
2160,72.0,0.0,60.0,0.0,0.0
2161,61.0,60.0,120.0,2.0,0.0
2162,70.0,0.0,120.0,1.0,0.0
2163,72.0,0.0,60.0,0.0,0.0
2164,65.0,60.0,120.0,1.0,0.0
2165,73.0,60.0,60.0,0.0,0.0
2166,58.0,0.0,120.0,2.0,0.0
2167,70.0,0.0,60.0,0.0,0.0
2168,72.0,60.0,60.0,0.0,0.0
2169,53.0,60.0,120.0,2.0,0.0
2170,63.0,0.0,120.0,1.0,0.0
2171,69.0,0.0,60.0,0.0,0.0
2172,61.0,60.0,120.0,1.0,0.0
2173,70.0,60.0,60.0,0.0,0.0
2174,46.0,0.0,120.0,3.0,0.0
2175,54.0,0.0,120.0,2.0,0.0
2176,68.0,0.0,60.0,0.0,0.0
2177,49.0,0.0,120.0,2.0,0.0
2178,58.0,60.0,120.0,1.0,0.0
2179,66.0,60.0,60.0,0.0,0.0
2180,68.0,0.0,60.0,0.0,0.0
2181,70.0,60.0,60.0,0.0,0.0
2182,54.0,60.0,120.0,2.0,0.0
2183,61.0,0.0,120.0,1.0,0.0
2184,66.0,0.0,60.0,0.0,0.0
2185,61.0,0.0,120.0,1.0,0.0
2186,68.0,60.0,60.0,0.0,0.0
2187,58.0,240.0,120.0,2.0,0.0
2188,65.0,0.0,60.0,0.0,0.0
2189,46.0,0.0,240.0,3.0,0.0
2190,67.0,420.0,240.0,1.0,0.0
2191,55.0,0.0,240.0,2.0,0.0
2192,72.0,0.0,240.0,0.0,0.0
2193,76.0,0.0,240.0,0.0,0.0
2194,60.0,0.0,240.0,2.0,0.0
2195,47.0,0.0,240.0,3.0,0.0
2196,53.0,120.0,240.0,2.0,0.0
2197,56.0,0.0,240.0,2.0,0.0
2198,77.0,0.0,600.0,0.0,0.0
2199,65.0,60.0,60.0,1.0,0.0
2200,64.0,0.0,60.0,1.0,0.0
2201,65.0,120.0,120.0,1.0,0.0
2202,67.0,120.0,120.0,1.0,0.0
2203,53.0,120.0,240.0,2.0,0.0
2204,56.0,0.0,240.0,2.0,0.0
2205,48.0,0.0,240.0,3.0,0.0
2206,68.0,60.0,120.0,1.0,0.0
2207,72.0,0.0,60.0,0.0,0.0
2208,68.0,60.0,60.0,1.0,0.0
2209,70.0,0.0,60.0,0.0,0.0
2210,67.0,0.0,60.0,1.0,0.0
2211,72.0,0.0,120.0,0.0,0.0
2212,68.0,120.0,120.0,1.0,0.0
2213,74.0,60.0,120.0,0.0,0.0
2214,70.0,0.0,120.0,1.0,0.0
2215,48.0,0.0,240.0,3.0,0.0
2216,55.0,0.0,240.0,2.0,0.0
2217,58.0,120.0,240.0,2.0,0.0
2218,76.0,0.0,120.0,0.0,0.0
2219,72.0,60.0,60.0,1.0,0.0
2220,70.0,60.0,60.0,1.0,0.0
2221,68.0,60.0,60.0,1.0,0.0
2222,76.0,0.0,60.0,0.0,0.0
2223,74.0,0.0,60.0,0.0,0.0
2224,70.0,0.0,60.0,1.0,0.0
2225,72.0,0.0,120.0,1.0,0.0
2226,76.0,120.0,120.0,0.0,0.0
2227,77.0,0.0,120.0,0.0,0.0
2228,73.0,60.0,120.0,1.0,0.0
2229,64.0,60.0,120.0,1.0,0.0
2230,79.0,60.0,60.0,0.0,0.0
2231,77.0,0.0,60.0,0.0,0.0
2232,60.0,60.0,120.0,1.0,0.0
2233,55.0,0.0,60.0,2.0,0.0
2234,76.0,60.0,60.0,0.0,0.0
2235,56.0,0.0,60.0,2.0,0.0
2236,77.0,0.0,60.0,0.0,0.0
2237,79.0,60.0,120.0,0.0,0.0
2238,58.0,60.0,60.0,1.0,0.0
2239,60.0,0.0,60.0,1.0,0.0
2240,62.0,60.0,60.0,1.0,0.0
2241,80.0,0.0,120.0,0.0,0.0
2242,65.0,240.0,120.0,0.0,0.0
2243,64.0,0.0,60.0,1.0,0.0
2244,62.0,0.0,240.0,1.0,0.0
2245,53.0,0.0,240.0,2.0,0.0
2246,50.0,0.0,240.0,3.0,0.0
2247,65.0,0.0,240.0,0.0,0.0
2248,71.0,0.0,240.0,0.0,0.0
2249,67.0,240.0,240.0,0.0,0.0
2250,52.0,0.0,120.0,3.0,0.0
2251,60.0,0.0,120.0,1.0,0.0
2252,55.0,0.0,120.0,2.0,0.0
2253,72.0,0.0,120.0,0.0,0.0
2254,67.0,120.0,120.0,0.0,0.0
2255,53.0,0.0,120.0,3.0,0.0
2256,68.0,0.0,120.0,0.0,0.0
2257,56.0,0.0,120.0,2.0,0.0
2258,60.0,60.0,120.0,1.0,0.0
2259,61.0,0.0,120.0,1.0,0.0
2260,58.0,60.0,120.0,2.0,0.0
2261,46.0,0.0,120.0,3.0,0.0
2262,67.0,60.0,60.0,0.0,0.0
2263,65.0,0.0,60.0,0.0,0.0
2264,48.0,0.0,240.0,3.0,0.0
2265,68.0,60.0,60.0,0.0,0.0
2266,56.0,0.0,120.0,2.0,0.0
2267,60.0,60.0,120.0,1.0,0.0
2268,65.0,0.0,120.0,0.0,0.0
2269,67.0,0.0,60.0,0.0,0.0
2270,55.0,0.0,120.0,2.0,0.0
2271,58.0,0.0,120.0,1.0,0.0
2272,65.0,60.0,60.0,0.0,0.0
2273,64.0,120.0,60.0,0.0,0.0
2274,53.0,60.0,120.0,2.0,0.0
2275,41.0,0.0,4320.0,3.0,0.0
2276,65.0,0.0,240.0,0.0,0.0
2277,60.0,0.0,15.0,0.0,0.0
2278,57.0,0.0,240.0,1.0,0.0
2279,53.0,60.0,60.0,2.0,0.0
2280,54.0,120.0,60.0,2.0,0.0
2281,53.0,120.0,120.0,2.0,0.0
2282,60.0,120.0,120.0,1.0,0.0
2283,51.0,0.0,120.0,2.0,0.0
2284,53.0,60.0,120.0,1.0,0.0
2285,49.0,0.0,120.0,2.0,0.0
2286,65.0,0.0,60.0,1.0,0.0
2287,49.0,60.0,60.0,2.0,0.0
2288,51.0,0.0,60.0,2.0,0.0
2289,66.0,120.0,60.0,1.0,0.0
2290,49.0,120.0,120.0,2.0,0.0
2291,65.0,0.0,120.0,1.0,0.0
2292,63.0,0.0,120.0,1.0,0.0
2293,48.0,60.0,120.0,2.0,0.0
2294,61.0,0.0,120.0,1.0,0.0
2295,46.0,60.0,60.0,2.0,0.0
2296,48.0,60.0,60.0,2.0,0.0
2297,70.0,0.0,60.0,0.0,0.0
2298,49.0,60.0,60.0,2.0,0.0
2299,61.0,0.0,60.0,1.0,0.0
2300,63.0,120.0,60.0,1.0,0.0
2301,69.0,0.0,60.0,0.0,0.0
2302,48.0,0.0,60.0,2.0,0.0
2303,61.0,0.0,120.0,1.0,0.0
2304,70.0,0.0,120.0,0.0,0.0
2305,46.0,120.0,120.0,2.0,0.0
2306,72.0,0.0,120.0,0.0,0.0
2307,45.0,120.0,120.0,2.0,0.0
2308,60.0,0.0,120.0,1.0,0.0
2309,58.0,60.0,120.0,1.0,0.0
2310,46.0,0.0,120.0,2.0,0.0
2311,73.0,0.0,15.0,0.0,0.0
2312,49.0,0.0,120.0,2.0,0.0
2313,65.0,60.0,60.0,1.0,0.0
2314,53.0,0.0,60.0,1.0,0.0
2315,72.0,0.0,60.0,0.0,0.0
2316,55.0,0.0,60.0,1.0,0.0
2317,63.0,120.0,60.0,1.0,0.0
2318,73.0,0.0,120.0,0.0,0.0
2319,48.0,0.0,120.0,2.0,0.0
2320,65.0,120.0,120.0,1.0,0.0
2321,57.0,0.0,120.0,1.0,0.0
2322,67.0,0.0,120.0,1.0,0.0
2323,58.0,0.0,120.0,1.0,0.0
2324,46.0,0.0,120.0,2.0,0.0
2325,75.0,60.0,120.0,0.0,0.0
2326,51.0,0.0,240.0,2.0,0.0
2327,77.0,60.0,60.0,0.0,0.0
2328,69.0,60.0,120.0,1.0,0.0
2329,60.0,120.0,240.0,1.0,0.0
2330,75.0,0.0,60.0,0.0,0.0
2331,73.0,0.0,60.0,0.0,0.0
2332,69.0,60.0,60.0,1.0,0.0
2333,67.0,0.0,60.0,1.0,0.0
2334,75.0,0.0,60.0,0.0,0.0
2335,77.0,120.0,120.0,0.0,0.0
2336,69.0,0.0,120.0,1.0,0.0
2337,58.0,0.0,120.0,1.0,0.0
2338,70.0,60.0,120.0,1.0,0.0
2339,49.0,0.0,120.0,2.0,0.0
2340,78.0,0.0,120.0,0.0,0.0
2341,69.0,60.0,120.0,0.0,0.0
2342,72.0,60.0,60.0,1.0,0.0
2343,63.0,0.0,240.0,1.0,0.0
2344,48.0,120.0,240.0,2.0,0.0
2345,70.0,0.0,60.0,1.0,0.0
2346,69.0,60.0,60.0,1.0,0.0
2347,65.0,0.0,120.0,0.0,0.0
2348,70.0,0.0,60.0,1.0,0.0
2349,72.0,60.0,120.0,1.0,0.0
2350,46.0,0.0,120.0,2.0,0.0
2351,73.0,0.0,120.0,1.0,0.0
2352,61.0,60.0,60.0,1.0,0.0
2353,70.0,60.0,180.0,0.0,0.0
2354,60.0,60.0,60.0,1.0,0.0
2355,55.0,120.0,480.0,2.0,0.0
2356,64.0,60.0,240.0,1.0,0.0
2357,58.0,0.0,240.0,1.0,0.0
2358,68.0,60.0,60.0,0.0,0.0
2359,67.0,60.0,60.0,0.0,0.0
2360,68.0,0.0,60.0,0.0,0.0
2361,70.0,60.0,60.0,0.0,0.0
2362,72.0,60.0,60.0,0.0,0.0
2363,58.0,60.0,60.0,2.0,0.0
2364,70.0,60.0,240.0,1.0,0.0
2365,74.0,0.0,60.0,0.0,0.0
2366,76.0,0.0,60.0,0.0,0.0
2367,60.0,0.0,60.0,2.0,0.0
2368,77.0,0.0,960.0,0.0,0.0
2369,61.0,0.0,120.0,2.0,0.0
2370,53.0,0.0,960.0,2.0,0.0
2371,69.0,0.0,60.0,1.0,0.0
2372,57.0,0.0,60.0,2.0,0.0
2373,60.0,0.0,60.0,2.0,0.0
2374,72.0,60.0,60.0,1.0,0.0
2375,58.0,120.0,60.0,2.0,0.0
2376,73.0,0.0,60.0,1.0,0.0
2377,55.0,0.0,60.0,2.0,0.0
2378,70.0,0.0,60.0,1.0,0.0
2379,60.0,0.0,120.0,2.0,0.0
2380,57.0,0.0,120.0,2.0,0.0
2381,69.0,0.0,120.0,1.0,0.0
2382,72.0,120.0,120.0,1.0,0.0
2383,61.0,0.0,120.0,2.0,0.0
2384,70.0,0.0,120.0,1.0,0.0
2385,67.0,0.0,120.0,1.0,0.0
2386,58.0,0.0,120.0,2.0,0.0
2387,64.0,480.0,60.0,1.0,0.0
2388,60.0,0.0,480.0,2.0,0.0
2389,69.0,0.0,480.0,1.0,0.0
2390,65.0,0.0,480.0,1.0,0.0
